     0        5
     0        6
     0        7
     0        8
     0       10
     0       12
     0       14
     0       15
     0      535
     0       24
     0       25
     0      538
     0       28
     0       30
     0      544
     0       34
     0      547
     0       36
     0       43
     0      556
     0       47
     0       48
     0       50
     0       51
     0       56
     0       58
     0       61
     0       64
     0       68
     0       71
     0       72
     0       80
     0       86
     0       88
     0       91
     0       99
     0      100
     0      103
     0      112
     0      115
     0      634
     0      128
     0      129
     0      130
     0      647
     0      651
     0      661
     0      160
     0      161
     0      162
     0      960
     0      692
     0      185
     0      186
     0      716
     0      205
     0      209
     0      219
     0      228
     0      743
     0      751
     0      759
     0      763
     0      782
     0      788
     0      293
     0      806
     0      818
     0      308
     0      822
     0      311
     0      820
     0      314
     0      330
     0      335
     0      860
     0      358
     0      872
     0      389
     0      408
     0      921
     0      930
     0      437
     0      955
     0      956
     0      448
     0      456
     0      972
     0      503
     0      508
     1        5
     1        6
     1        7
     1      521
     1       11
     1       12
     1       14
     1       16
     1       18
     1       20
     1       23
     1       26
     1       27
     1       31
     1       32
     1       33
     1      548
     1       39
     1       40
     1      690
     1      558
     1      559
     1       48
     1       49
     1       51
     1       52
     1       54
     1        9
     1       57
     1       61
     1       62
     1      575
     1       66
     1       77
     1       78
     1       79
     1       87
     1       88
     1       93
     1       97
     1       99
     1      614
     1      108
     1      110
     1      118
     1      122
     1      653
     1      655
     1      661
     1      670
     1      161
     1      163
     1      166
     1      681
     1      178
     1      693
     1      188
     1      191
     1      192
     1      193
     1      709
     1      199
     1      210
     1      213
     1      736
     1      761
     1      257
     1      261
     1      774
     1      777
     1      783
     1      275
     1      276
     1      278
     1      798
     1      799
     1      802
     1      294
     1      807
     1      809
     1      309
     1      313
     1      827
     1      833
     1      844
     1      336
     1      851
     1      349
     1      355
     1      878
     1      880
     1      891
     1      402
     1      403
     1      406
     1      920
     1      922
     1      413
     1      438
     1      439
     1      952
     1      442
     1      961
     1      974
     1      467
     1      980
     1      473
     1      482
     1      486
     1      545
     2      129
     2      514
     2        5
     2        6
     2      393
     2      522
     2       14
     2       17
     2      793
     2      797
     2       30
     2      289
     2      676
     2      625
     2       41
     2      682
     2      300
     2      431
     2      562
     2      201
     2      313
     2       63
     2       65
     2      457
     2      887
     2      983
     2      603
     2       94
     2      869
     2      553
     2      231
     2      488
     2      234
     2      807
     2      369
     2      242
     2      503
     2      122
     2      894
     3      129
     3      178
     3        5
     3      902
     3        8
     3      393
     3       11
     3      398
     3      557
     3      145
     3       18
     3      148
     3       23
     3      666
     3      283
     3       28
     3      285
     3      158
     3      751
     3       32
     3      816
     3      411
     3      420
     3      167
     3      649
     3      809
     3      810
     3      300
     3       45
     3      841
     3       47
     3      176
     3      547
     3       50
     3      819
     3      286
     3      566
     3       55
     3      312
     3      756
     3      443
     3      701
     3       63
     3      961
     3      139
     3      709
     3      910
     3       72
     3      588
     3      332
     3      462
     3      791
     3       82
     3      483
     3       84
     3       85
     3      742
     3      855
     3      344
     3      347
     3      479
     3      226
     3      227
     3      484
     3      357
     3      614
     3       17
     3      535
     3      594
     3      110
     3      613
     3      368
     3      595
     3      670
     3      374
     3      376
     3      276
     3      813
     4      259
     4      260
     4        5
     4        6
     4        7
     4        8
     4       13
     4       15
     4      144
     4       18
     4      915
     4       20
     4      278
     4      152
     4       27
     4       33
     4       36
     4      806
     4      295
     4      304
     4       62
     4      832
     4      225
     4      141
     4       80
     4       16
     4      486
     4      107
     4      110
     4      112
     4      116
     4      117
     5        6
     5        7
     5        8
     5        9
     5       10
     5       11
     5       12
     5      653
     5      993
     5       17
     5      131
     5       21
     5       22
     5       23
     5      795
     5      158
     5      311
     5      801
     5      164
     5      198
     5       39
     5       40
     5      937
     5       43
     5       44
     5       45
     5      533
     5      307
     5      308
     5       54
     5      183
     5      948
     5       60
     5      394
     5      190
     5      447
     5      480
     5       66
     5      684
     5       70
     5      327
     5       75
     5      738
     5      979
     5      724
     5       89
     5      731
     5       93
     5       96
     5      887
     5      556
     5      962
     5      273
     5      744
     5      105
     5      487
     5      108
     5      238
     5      114
     5      115
     5      629
     5      247
     5      378
     5      895
     5      126
     5      511
     6      131
     6        7
     6        8
     6        9
     6       10
     6       11
     6      396
     6      256
     6       15
     6      993
     6       19
     6       20
     6       21
     6      281
     6       26
     6      154
     6      849
     6       34
     6      419
     6      935
     6      579
     6       41
     6      717
     6      257
     6      687
     6      688
     6      177
     6      629
     6      137
     6       59
     6      522
     6      191
     6       67
     6      147
     6       70
     6      516
     6      840
     6       74
     6      587
     6      333
     6      334
     6      335
     6       81
     6      867
     6      382
     6      343
     6      655
     6      224
     6      225
     6      315
     6      300
     6      102
     6      721
     6      104
     6      870
     6      111
     6      496
     6      242
     6      115
     6      245
     6      169
     6      276
     6      250
     6      255
     6      508
     6      874
     6      264
     6      195
     7      515
     7        9
     7       10
     7       13
     7       18
     7       19
     7       20
     7      942
     7       24
     7       37
     7       39
     7       43
     7       44
     7      560
     7       50
     7       54
     7       58
     7       64
     7       67
     7       70
     7       75
     7      525
     7       85
     7      600
     7       90
     7      604
     7      605
     7       94
     7      610
     7      104
     7      108
     7      119
     7      638
     7      652
     7      152
     7      670
     7      165
     7      172
     7      180
     7      185
     7      188
     7      192
     7      199
     7      200
     7      205
     7      211
     7      742
     7      746
     7      750
     7      241
     7      754
     7      244
     7      764
     7      770
     7      270
     7      789
     7      790
     7       48
     7      299
     7      303
     7      817
     7      315
     7      332
     7      852
     7      855
     7      348
     7      862
     7      378
     7      379
     7      392
     7      914
     7      930
     7      419
     7      932
     7      430
     7      431
     7      439
     7      440
     7      445
     7      965
     7      455
     7      844
     7      597
     8        9
     8       11
     8       13
     8       15
     8       16
     8       21
     8       22
     8       23
     8       25
     8       26
     8      542
     8       33
     8       38
     8       44
     8      558
     8       50
     8      564
     8       55
     8       58
     8       63
     8      864
     8      579
     8       68
     8       71
     8       72
     8       73
     8      586
     8       79
     8       82
     8      599
     8       88
     8      528
     8      101
     8      102
     8      103
     8      618
     8      620
     8      120
     8      122
     8      123
     8      134
     8      550
     8      145
     8      662
     8      664
     8      669
     8      158
     8      681
     8      170
     8      690
     8      184
     8      185
     8      186
     8      216
     8      736
     8      229
     8      747
     8      757
     8      762
     8      782
     8      298
     8      300
     8      301
     8      817
     8      827
     8      319
     8      352
     8      367
     8      880
     8      881
     8      889
     8      385
     8      391
     8      907
     8      917
     8      919
     8      925
     8      426
     8      947
     8      440
     8      445
     8      958
     8      971
     8      461
     8      463
     8      981
     8      982
     8      489
     8      501
     8      503
     8      938
     9      512
     9      699
     9       10
     9      267
     9       12
     9      143
     9      144
     9      529
     9      274
     9       19
     9      532
     9       22
     9      282
     9       28
     9      410
     9      588
     9       35
     9      585
     9      753
     9       41
     9      170
     9      684
     9      882
     9      943
     9       48
     9      179
     9       52
     9      310
     9      567
     9       57
     9      187
     9      702
     9      196
     9       71
     9       73
     9      203
     9      403
     9      205
     9       78
     9       81
     9      212
     9      597
     9      823
     9      655
     9       92
     9      477
     9      222
     9      609
     9      226
     9       99
     9      101
     9      785
     9      492
     9      109
     9      494
     9      495
     9      113
     9      645
     9      243
     9      245
     9      268
     9      248
     9      315
     9      123
     9      298
     9      784
     9      127
    10      409
    10      665
    10      908
    10      663
    10       12
    10       13
    10      941
    10       15
    10       16
    10      408
    10      659
    10      174
    10      407
    10       24
    10       25
    10       26
    10       27
    10       30
    10      773
    10       34
    10       35
    10       37
    10       39
    10      170
    10      798
    10      556
    10      301
    10       46
    10      221
    10      243
    10       53
    10      919
    10      573
    10      134
    10      195
    10      140
    10      844
    10      525
    10      976
    10      210
    10      596
    10      214
    10      215
    10       88
    10       93
    10       96
    10       97
    10      355
    10      100
    10      232
    10      361
    10      108
    10      115
    10      268
    10      503
    10      253
    10      254
    11       14
    11       17
    11      530
    11      531
    11      277
    11       32
    11       41
    11      945
    11      565
    11      184
    11      160
    11      709
    11       77
    11      462
    11       93
    11      992
    11       98
    11      227
    11      101
    11      230
    11      236
    11      365
    11      114
    11      127
    12      136
    12       13
    12       14
    12      499
    12      920
    12       18
    12       19
    12       22
    12      664
    12       28
    12      414
    12       31
    12      672
    12      161
    12      162
    12       37
    12      806
    12       40
    12      540
    12       42
    12      302
    12      176
    12      520
    12      307
    12       52
    12      309
    12       55
    12      659
    12      188
    12       61
    12      196
    12      275
    12      713
    12      842
    12      311
    12       76
    12      802
    12      141
    12      338
    12      851
    12      212
    12       85
    12      854
    12       87
    12       89
    12      346
    12       92
    12      481
    12      868
    12      101
    12      102
    12      364
    12      365
    12      623
    12      147
    12      506
    12      253
    13      262
    13      919
    13      354
    13      144
    13       17
    13      147
    13       21
    13       23
    13       27
    13       29
    13       32
    13      163
    13      933
    13      166
    13      433
    13      168
    13       42
    13      135
    13      300
    13      814
    13      559
    13      177
    13      533
    13      648
    13      821
    13      310
    13      567
    13       56
    13      697
    13      317
    13      603
    13      196
    13       69
    13      326
    13      714
    13       77
    13      207
    13       80
    13      722
    13      724
    13      213
    13      996
    13      219
    13      350
    13      224
    13       98
    13      100
    13      870
    13      106
    13      108
    13      240
    13      383
    13      116
    13      118
    13      505
    13      890
    13      251
    13      380
    13      426
    13      149
    14      146
    14      154
    14      285
    14      288
    14       33
    14       36
    14      551
    14      686
    14      304
    14      316
    14      319
    14      194
    14       69
    14      198
    14      334
    14      213
    14      342
    14       90
    14       26
    14      997
    14      235
    14      883
    14      374
    15      642
    15      262
    15      775
    15      265
    15      399
    15      144
    15      786
    15      921
    15      538
    15       28
    15      669
    15      544
    15      987
    15      295
    15      296
    15       41
    15       43
    15      173
    15      392
    15      306
    15      436
    15      438
    15      699
    15      828
    15      701
    15      320
    15      323
    15      329
    15      331
    15       81
    15       83
    15      561
    15       87
    15      859
    15       16
    15      355
    15      487
    15      360
    15      617
    15      234
    15      680
    15      243
    15      118
    15      120
    16      951
    16      150
    16       24
    16      926
    16      162
    16      303
    16      561
    16       51
    16      585
    16      313
    16      317
    16      576
    16      321
    16      451
    16      201
    16      715
    16      972
    16      346
    16      477
    16      609
    16      227
    16      616
    16      106
    16      365
    16      221
    16      123
    17      519
    17      784
    17      402
    17       19
    17       22
    17      536
    17      155
    17      156
    17      288
    17      929
    17      283
    17      241
    17      470
    17      412
    17       42
    17      428
    17      429
    17       46
    17      175
    17      564
    17       53
    17       63
    17      705
    17       66
    17      309
    17      198
    17       77
    17       86
    17       87
    17       88
    17      345
    17      220
    17      480
    17      358
    17      104
    17      106
    17      983
    17      113
    17      659
    17      117
    17      383
    17      255
    18      908
    18      523
    18      450
    18      813
    18      272
    18      644
    18      131
    18      797
    18      150
    18      151
    18      580
    18      154
    18      431
    18      157
    18      674
    18       38
    18      167
    18       45
    18      814
    18      285
    18      434
    18      819
    18       53
    18      314
    18       59
    18      318
    18       66
    18       68
    18      327
    18       73
    18      203
    18      354
    18      464
    18       89
    18      218
    18      352
    18       98
    18      612
    18      231
    18      679
    18      772
    18      244
    18      757
    18      248
    18      508
    18      738
    19      521
    19      258
    19      811
    19      567
    19      389
    19      266
    19      267
    19      141
    19      146
    19      531
    19       20
    19      151
    19       24
    19      537
    19      598
    19      602
    19       32
    19      163
    19       36
    19      774
    19      422
    19       39
    19      713
    19      427
    19       44
    19      557
    19       46
    19       49
    19      562
    19       51
    19       52
    19      181
    19       55
    19      954
    19      273
    19      446
    19      352
    19      331
    19      710
    19      481
    19      328
    19      585
    19      241
    19      333
    19      369
    19       82
    19       84
    19       86
    19      164
    19      474
    19      866
    19      220
    19      349
    19      657
    19       95
    19       96
    19      225
    19      738
    19      891
    19      484
    19      870
    19      536
    19      103
    19      234
    19      747
    19      748
    19      274
    19      957
    19      829
    19      596
    19      113
    19      114
    19      627
    19      118
    19      249
    19      968
    19      639
    19      893
    19      766
    19      383
    20      259
    20      389
    20      759
    20       21
    20      260
    20       29
    20       35
    20      420
    20      933
    20       43
    20       48
    20      968
    20      179
    20       57
    20       58
    20      315
    20      574
    20      704
    20      324
    20      643
    20      326
    20      932
    20       74
    20      203
    20       76
    20      973
    20       78
    20       80
    20       85
    20      441
    20      728
    20      217
    20      346
    20      347
    20      443
    20      612
    20      496
    20      241
    20      628
    20      911
    20      246
    20      247
    21      643
    21      716
    21      146
    21      793
    21       25
    21      284
    21      157
    21       31
    21      674
    21      166
    21       40
    21      169
    21       29
    21       49
    21      434
    21      179
    21      697
    21      442
    21      287
    21       62
    21       64
    21       65
    21      838
    21      460
    21      631
    21       76
    21      207
    21       80
    21       87
    21       89
    21       91
    21      220
    21      733
    21       95
    21      847
    21      830
    21      741
    21      359
    21      360
    21      274
    21      872
    21      702
    21      246
    21      297
    21      380
    21      511
    22      256
    22      525
    22      776
    22      143
    22      729
    22      156
    22      158
    22       31
    22      418
    22      297
    22      453
    22      299
    22       46
    22      433
    22       30
    22      823
    22      569
    22      189
    22      704
    22      579
    22      197
    22      198
    22      967
    22      458
    22       75
    22       76
    22      825
    22      846
    22      970
    22      977
    22      722
    22      725
    22      854
    22      215
    22      856
    22      217
    22      271
    22       92
    22      351
    22      740
    22      237
    22      622
    22      112
    22      245
    22      374
    22      506
    22      511
    23      137
    23      266
    23      276
    23      796
    23       29
    23       30
    23      816
    23       34
    23      291
    23      293
    23      943
    23      688
    23      437
    23      441
    23      700
    23      394
    23       69
    23      966
    23       73
    23      589
    23      463
    23      859
    23       37
    23      357
    23      623
    23      123
    24      257
    24      642
    24      533
    24       25
    24      282
    24      931
    24      427
    24      435
    24       52
    24      697
    24       65
    24      336
    24      212
    24       89
    24      225
    24      487
    24      746
    24      115
    24      375
    24      888
    24      249
    24      656
    24      379
    25      130
    25      140
    25      142
    25      783
    25      404
    25       29
    25       34
    25       35
    25      165
    25       38
    25       40
    25      171
    25      174
    25      822
    25       60
    25      189
    25      323
    25      418
    25       78
    25      589
    25      337
    25       83
    25      462
    25      889
    25      729
    25      851
    25      917
    25      620
    25      109
    25      751
    25      240
    25      552
    25      595
    25      505
    25      127
    26      647
    26      404
    26      534
    26       27
    26      156
    26      415
    26      417
    26      165
    26      424
    26      540
    26       42
    26      812
    26       45
    26      179
    26      570
    26       62
    26      962
    26      838
    26      631
    26      208
    26      214
    26      217
    26      347
    26       95
    26      766
    26      740
    26      486
    26      362
    26      702
    26      247
    26      637
    26      254
    27      901
    27      656
    27      151
    27       33
    27       42
    27       53
    27      330
    27       64
    27      586
    27      844
    27      592
    27      593
    27      216
    27       99
    27      104
    27      106
    27      502
    27      255
    28      729
    28      386
    28      138
    28      267
    28      530
    28      279
    28       38
    28      681
    28       44
    28       46
    28       47
    28      304
    28       49
    28      691
    28      182
    28      265
    28      952
    28       60
    28      449
    28      200
    28      973
    28       79
    28      209
    28      470
    28      473
    28      224
    28      355
    28      485
    28      444
    28      237
    28      759
    28      124
    28      125
    28      254
    28      639
    29      128
    29      259
    29      645
    29      940
    29      660
    29       31
    29       37
    29      172
    29      687
    29      176
    29      825
    29       58
    29       59
    29      960
    29      732
    29      186
    29      740
    29      107
    29      238
    30      269
    30      398
    30      404
    30      277
    30      152
    30      665
    30       47
    30      543
    30      160
    30      155
    30       36
    30       38
    30      809
    30      174
    30      175
    30      181
    30      288
    30      194
    30      583
    30      459
    30      923
    30      909
    30       82
    30      291
    30      356
    30      422
    30      106
    30      338
    30      243
    30      116
    30      375
    30      124
    31      261
    31      786
    31      292
    31      582
    31      938
    31       61
    31      191
    31      320
    31      196
    31      453
    31       70
    31      872
    31       82
    31      352
    31      867
    31      488
    31      233
    31      625
    31      117
    31      489
    31      121
    32      384
    32      644
    32      390
    32      138
    32      270
    32      528
    32       49
    32       94
    32       57
    32      836
    32      204
    32      781
    32      338
    32      596
    32      603
    32      476
    32      222
    32      236
    32      621
    32      371
    32      246
    32      121
    33      137
    33      395
    33      270
    33      796
    33      926
    33      160
    33      930
    33       35
    33      174
    33      904
    33      928
    33      910
    33       72
    33      718
    33      611
    33      345
    33      732
    33      989
    33      613
    33      353
    33      507
    33      102
    33      230
    33      113
    33      114
    33      373
    33      379
    33      125
    33      510
    34       65
    34      899
    34      505
    34      230
    34       77
    34      109
    34      531
    34      170
    34       53
    34      149
    34      125
    34      117
    35      901
    35      142
    35      406
    35      280
    35      154
    35      937
    35      682
    35      560
    35      306
    35      308
    35      181
    35      918
    35       56
    35      449
    35      202
    35      211
    35      982
    35      346
    35      733
    35      105
    35      490
    35      750
    35      381
    36      901
    36      263
    36      265
    36      138
    36      420
    36      433
    36      808
    36      177
    36      181
    36       59
    36      845
    36      591
    36       85
    36      252
    36      107
    36      497
    36      636
    37       65
    37       98
    37      906
    37      805
    37      390
    37      359
    37       45
    37      110
    37      432
    37      533
    37       56
    37      124
    37      606
    38      826
    39      899
    39      908
    39      274
    39      290
    39      422
    39      423
    39      296
    39      385
    39      433
    39      818
    39      825
    39      958
    39       74
    39      204
    39      333
    39      464
    39      340
    39      727
    39      480
    39      612
    39      358
    39      364
    39      495
    39      241
    40      136
    40      396
    40      211
    40      255
    41      225
    41      451
    41      134
    41      518
    41       76
    41      142
    41      240
    41      366
    41      183
    41      344
    41      316
    42       97
    42      100
    42       71
    42      826
    42      397
    42      755
    42      534
    42       56
    42      257
    42      410
    43      132
    43      266
    43      907
    43      653
    43      913
    43      148
    43      537
    43      670
    43      545
    43      503
    43      169
    43      687
    43      176
    43      310
    43      952
    43      444
    43      830
    43      197
    43      673
    43      493
    43      330
    43       75
    43      720
    43      724
    43      853
    43       86
    43      218
    43       91
    43      478
    43      481
    43      483
    43      100
    43      231
    43      999
    43      109
    43      112
    43      884
    43      630
    43      375
    43      122
    44      128
    44      130
    44      299
    44      139
    44      913
    44      146
    44      884
    44      155
    44      798
    44      160
    44      809
    44      135
    44      456
    44      690
    44      435
    44      567
    44       57
    44      571
    44       61
    44      928
    44      963
    44       70
    44      199
    44      200
    44       94
    44      736
    44      357
    44      583
    44      237
    44      626
    44      371
    44      116
    44      505
    44      892
    44      618
    44      639
    45      775
    45      527
    45      656
    45      148
    45      922
    45      674
    45       47
    45      177
    45      818
    45      948
    45       54
    45       55
    45       59
    45       68
    45      709
    45      200
    45      714
    45      203
    45       84
    45      469
    45      342
    45      601
    45       91
    45       97
    45      367
    45      117
    45      891
    46      419
    46      968
    46      124
    46      142
    46      848
    46       94
    47      269
    47      146
    47      531
    47      159
    47      162
    47      549
    47      696
    47       60
    47      831
    47      576
    47      197
    47      329
    47      202
    47      599
    47      293
    47      226
    47      357
    47      259
    47      621
    47      366
    47      885
    47      502
    47      504
    47      895
    48      898
    48      619
    48      133
    48       74
    48      299
    48      877
    48       50
    48       51
    48      361
    48      184
    48      539
    49       67
    49      518
    49      458
    49      689
    49      105
    49      394
    49      397
    49      399
    49      432
    49      561
    49      464
    49      219
    49      253
    50      645
    50      134
    50      657
    50      149
    50      287
    50      292
    50      168
    50      173
    50      304
    50       54
    50      312
    50      441
    50      707
    50       69
    50      204
    50      333
    50       78
    50      718
    50      726
    50      348
    50      182
    50      868
    50      496
    50      497
    50      628
    51      243
    51      211
    51      129
    51      329
    51      887
    51      236
    51      111
    51       84
    51      277
    51      822
    51      793
    51      324
    51      894
    52      388
    52      455
    52      871
    52      461
    52      526
    52      376
    52      756
    52      725
    52      215
    52      378
    52      428
    52      254
    53      130
    53      387
    53      516
    53      519
    53      524
    53      279
    53      408
    53      292
    53      552
    53      568
    53       60
    53       62
    53       63
    53       71
    53      328
    53      842
    53      334
    53      760
    53      594
    53       84
    53      590
    53      984
    53       90
    53      476
    53      351
    53      101
    53      974
    53      491
    53      757
    53      246
    53      376
    53      377
    53      126
    54       66
    54      699
    54      831
    54      193
    54      302
    54      337
    54      342
    54      120
    54      754
    54      411
    54      607
    55      132
    55      646
    55      519
    55      265
    55      935
    55      267
    55      281
    55      283
    55      804
    55      293
    55      167
    55      565
    55      829
    55      710
    55       81
    55      466
    55       83
    55      469
    55      343
    55      856
    55      487
    55      233
    55      807
    55      119
    55      120
    55      122
    55      894
    56      192
    56      900
    56      102
    56      718
    56      498
    56      214
    56      202
    56      261
    57      896
    57      139
    57      141
    57      401
    57      787
    57      532
    57      161
    57      419
    57      680
    57      311
    57      834
    57      843
    57       75
    57      781
    57      208
    57      803
    57      249
    57      220
    57      874
    57      936
    57      882
    57      788
    58      258
    58      668
    58      286
    58      543
    58      417
    58      938
    58      946
    58      925
    58      178
    58      185
    58       64
    58      839
    58      456
    58      841
    58      971
    58      206
    58       79
    58      208
    58      211
    58      986
    58      606
    58      766
    59      514
    59      159
    59      290
    59      423
    59      306
    59      824
    59      187
    59      703
    59      197
    59      582
    59      718
    59      719
    59      336
    59      728
    59      737
    59      234
    59      878
    60      865
    60      227
    60      327
    60      777
    60      522
    60      485
    60      304
    60      619
    60      867
    60      970
    60      623
    60      765
    60      223
    61      129
    61      911
    61      275
    61      536
    61      282
    61      156
    61      157
    61      164
    61      421
    61      815
    61      437
    61      695
    61      193
    61      711
    61      330
    61      567
    61      206
    61      104
    61      762
    61      123
    62      800
    62      165
    62      801
    62      393
    62      490
    62      425
    62       91
    62      671
    62      218
    63      513
    63      260
    63      526
    63      783
    63      410
    63      159
    63      558
    63      318
    63       69
    63      710
    63       72
    63      201
    63      714
    63       79
    63       92
    63       96
    63      229
    63      103
    63      233
    63      623
    63      626
    63      190
    63      873
    63      381
    64      131
    64      265
    64      523
    64      145
    64      793
    64      922
    64      284
    64      288
    64      418
    64      933
    64      540
    64      939
    64      941
    64      310
    64      649
    64       68
    64      566
    64      335
    64      848
    64      467
    64      856
    64      601
    64       92
    64      353
    64      118
    64      127
    65      644
    65      649
    65      215
    65      271
    65      529
    65      156
    65      413
    65      414
    65      808
    65      301
    65       67
    65      343
    65      361
    65      362
    65      237
    65      622
    65      111
    65      370
    66      619
    66      138
    66      782
    66      403
    66       86
    66      158
    66      166
    66      551
    66      556
    66      949
    66      440
    66       67
    66      582
    66      585
    66      470
    66      986
    66      222
    66      491
    66      121
    66      253
    67      105
    67       74
    67      171
    67      289
    67      727
    67       83
    67      500
    67      213
    67      377
    67      121
    67      851
    67      295
    68      130
    68      786
    68      832
    68       73
    68      266
    68      994
    68      238
    68      465
    68      686
    68      696
    68      602
    68      978
    68      191
    69      512
    69      261
    69      519
    69      663
    69      403
    69      943
    69      413
    69      678
    69      175
    69      178
    69      180
    69      398
    69      954
    69      190
    69      961
    69      452
    69      461
    69      338
    69       83
    69      341
    69      476
    69       95
    69      353
    69      373
    69      886
    69      541
    70      640
    70      521
    70      630
    70      180
    70      598
    70      745
    70      888
    70      767
    70      861
    71      610
    71      771
    71      491
    71      465
    71      210
    71      915
    71      406
    71      407
    71      698
    71      124
    71      730
    72      548
    72      426
    72      587
    72      972
    72      659
    72      116
    72      600
    72      883
    73      133
    73      138
    73      155
    73      675
    73      296
    73      942
    73      694
    73      957
    73      453
    73      459
    73      210
    73      723
    73      980
    73      356
    73      232
    73      502
    73      755
    73      501
    73      630
    73      381
    74      912
    74      203
    74      275
    74      149
    74      534
    74      151
    75      576
    75      290
    75      963
    75      232
    75      173
    75      968
    75      767
    75      573
    75      318
    75      677
    76      896
    76       97
    76      866
    76      167
    76      296
    76      462
    76      239
    76      592
    76      274
    76      233
    76      317
    76      606
    76      223
    77      264
    77      266
    77      139
    77      150
    77      601
    77      537
    77      858
    77      624
    77      931
    77      564
    77      650
    77      450
    77      582
    77      334
    77      208
    77      345
    77      730
    77      996
    77      105
    77      109
    77      878
    77      368
    77      247
    78      768
    78      386
    78      614
    78      705
    78      114
    78       81
    78      692
    78      406
    78      703
    78      572
    78      159
    79      261
    79      140
    79      142
    79      428
    79      904
    79      819
    79      183
    79      572
    79      455
    79      695
    79      205
    79      854
    79      229
    79      238
    79      367
    79      501
    79      126
    80      866
    80      133
    80      742
    80      296
    80      517
    80      271
    80      434
    80      438
    80      631
    80      788
    80      469
    81      453
    81      683
    81      750
    82      401
    82      112
    82      328
    83      516
    83      133
    83      393
    83      652
    83      144
    83      148
    83      668
    83      173
    83      319
    83      452
    83      330
    83      460
    83      209
    83      343
    83      472
    83       90
    83      991
    83      482
    83      612
    83      107
    83      110
    83      245
    83      120
    83      251
    83      639
    84      263
    84      392
    84      147
    84      248
    84      669
    84      182
    84      578
    84      721
    84      340
    84      983
    84       90
    84      731
    84      611
    84      870
    84      874
    84      499
    84      632
    85      448
    85      556
    85      111
    85      119
    85      702
    86      966
    86      295
    86      340
    86      246
    86      735
    87      194
    87      422
    87      168
    87      140
    87      226
    87      368
    87      400
    87      566
    87      506
    87      373
    88       98
    88      235
    88      103
    88      329
    88      107
    88      492
    88      435
    88      128
    88      180
    88      478
    88      436
    88      155
    88      190
    89      684
    89      268
    89      207
    89      212
    89       95
    90      133
    90      646
    90      143
    90      785
    90      147
    90      163
    90      421
    90      297
    90      557
    90      177
    90      562
    90      691
    90      833
    90      335
    90      850
    90       93
    90      609
    90      226
    90      239
    90      370
    90      681
    91      299
    91      584
    91      270
    91      845
    92       99
    92      132
    92      134
    92      423
    92      136
    92      779
    92      240
    92      113
    92      627
    92      532
    92      625
    92      152
    92      332
    92      127
    92      280
    93       96
    93      290
    93      131
    93      416
    93      405
    93      632
    94      708
    94      328
    94      876
    94      723
    94      309
    94      183
    94      184
    94      964
    94      666
    95      640
    95      902
    95      137
    95      395
    95      268
    95      278
    95      152
    95      287
    95      161
    95      294
    95      306
    95      312
    95      799
    95      323
    95      331
    95      337
    95      987
    95      861
    95      355
    95      615
    95      119
    95      255
    96      737
    96      962
    96      202
    96      365
    96      658
    96      468
    96      983
    96      219
    96      860
    97      976
    97      135
    97      590
    97      272
    97      465
    97      279
    97      298
    97      476
    98      994
    98      483
    98      136
    98      521
    98      141
    98      616
    98      150
    98      823
    98      306
    98      655
    99      514
    99      931
    99      230
    99      396
    99      685
    99      111
   100      331
   100      934
   100      666
   100      232
   100      335
   100      371
   100      792
   100      186
   100      975
   100      860
   100      766
   100      287
   101      485
   101      370
   101      499
   101      182
   101      600
   101      188
   101      524
   102      865
   102      204
   102      424
   102      756
   102      950
   102      700
   102      671
   103      513
   103      899
   103      837
   103      135
   103      359
   103      172
   103      530
   103      136
   103      178
   103      148
   104      731
   104      297
   104      249
   104      922
   104      892
   105      653
   105      734
   105      642
   105      647
   105      554
   105      221
   105      754
   105      980
   105      382
   105      706
   105      125
   105      126
   106      320
   106      240
   106      539
   106      145
   106      329
   106      951
   106      878
   106      239
   106      336
   106      617
   106      280
   106      378
   106      508
   106      189
   106      442
   107      392
   107      395
   107      408
   107      797
   107      664
   107      667
   107      423
   107      303
   107      563
   107      315
   107      449
   107      327
   107      591
   107      339
   107      596
   107      350
   107      223
   107      252
   107      126
   108      258
   108      132
   108      264
   108      405
   108      157
   108      419
   108      432
   108      305
   108      316
   108      992
   108      339
   108      856
   108      224
   108      876
   108      242
   108      247
   108      890
   108      638
   109      731
   109      420
   109      262
   109      561
   109      424
   109      162
   109      369
   109      382
   109      470
   109      857
   109      504
   109      698
   109      399
   109      190
   109      520
   110      256
   110      775
   110      143
   110      790
   110      153
   110      539
   110      676
   110      169
   110      302
   110      559
   110      708
   110      212
   110      214
   110      474
   110      859
   110      293
   110      614
   110      893
   111      256
   111      642
   111      828
   111      898
   111      893
   111      400
   111      273
   111      628
   111      119
   111      569
   111      891
   111      757
   111      221
   111      195
   112      403
   112      281
   112      409
   112      666
   112      326
   112      577
   112      707
   112      454
   112      972
   112      206
   112      848
   112      724
   112      982
   112      216
   112      361
   112      363
   112      748
   112      367
   112      579
   112      504
   113      513
   113      260
   113      652
   113      273
   113      280
   113      548
   113      297
   113      183
   113      828
   113      336
   113      477
   113      222
   113      228
   113      242
   113      248
   113      121
   113      892
   114      455
   114      712
   114      938
   114      447
   114      252
   114      413
   114      415
   115      128
   115      513
   115      137
   115      236
   115      150
   115      665
   115      956
   115      198
   116      706
   116      387
   116      422
   116      667
   116      206
   116      168
   116      286
   116      772
   116      377
   116      250
   116      283
   116      380
   117      774
   117      817
   117      680
   117      174
   117      180
   117      824
   117      349
   118      322
   118      864
   118      584
   118      745
   118      938
   118      528
   118      468
   118      662
   118      343
   118      217
   118      350
   118      159
   119      546
   119      259
   119      682
   119      205
   120      771
   120      618
   120      622
   120      889
   120      218
   120      541
   121      967
   121      425
   121      978
   121      407
   121      732
   122      197
   122      326
   122      193
   122      558
   122      239
   122      742
   122      275
   122      185
   122      443
   122      125
   123      577
   123      529
   123      215
   123      749
   123      367
   123      433
   123      370
   123      245
   123      153
   123      218
   124      683
   124      902
   124      988
   124      491
   124      591
   125      604
   125      667
   125      135
   125      672
   125      586
   125      354
   125      812
   125      258
   125      987
   125      353
   125      272
   125      700
   125      370
   125      720
   125      153
   125      399
   126      975
   126      269
   126      955
   127      636
   127      739
   127      165
   127      140
   127      717
   127      272
   127      916
   127      151
   127      826
   127      553
   127      955
   127      634
   127      991
   128      256
   128      758
   128      588
   128      204
   128      395
   128      813
   128      143
   128      384
   128      692
   128      870
   128      342
   128      663
   128      948
   128      635
   129      132
   129      554
   129      235
   129      182
   129      222
   130      199
   130      196
   130      171
   130      653
   130      564
   130      374
   130      476
   131      480
   131      450
   131      515
   131      168
   131      585
   131      170
   131      811
   131      430
   131      145
   131      883
   131      821
   131      869
   131      282
   131      284
   131      223
   132      483
   132      871
   132      361
   132      978
   132      819
   132      631
   132      958
   133      164
   133      785
   134      289
   134      388
   134      210
   134      973
   134      693
   134      376
   135      139
   135      637
   135      209
   135      981
   135      849
   136      228
   136      252
   136      881
   136      563
   136      521
   136      734
   136      223
   137      805
   137      495
   137      254
   138      865
   138      835
   138      207
   138      271
   139      518
   139      695
   139      307
   139      407
   139      188
   140      323
   140      517
   140      774
   140      744
   140      457
   140      465
   140      498
   140      467
   140      312
   140      383
   141      164
   141      854
   141      687
   141      644
   141      404
   141      373
   141      342
   141      153
   141      719
   141      860
   142      149
   142      777
   143      192
   143      214
   143      877
   144      822
   144      199
   144      466
   144      726
   144      429
   144      734
   145      485
   145      195
   145      969
   145      550
   145      460
   145      285
   145      566
   145      571
   145      234
   146      512
   146      646
   146      519
   146      783
   146      792
   146      153
   146      284
   146      286
   146      390
   146      176
   146      184
   146      830
   146      456
   146      715
   146      340
   146      398
   146      863
   146      358
   146      231
   146      244
   146      887
   146      341
   147      228
   147      904
   147      305
   147      947
   147      759
   147      958
   148      354
   148      388
   148      452
   148      400
   148      858
   148      391
   148      706
   148      377
   148      154
   148      899
   148      157
   149      490
   149      405
   149      426
   150      358
   150      394
   150      525
   151      192
   151      907
   151      622
   151      319
   151      244
   151      695
   151      313
   151      893
   152      453
   152      169
   152      857
   152      708
   153      389
   153      660
   153      288
   153      172
   153      173
   153      312
   153      580
   153      581
   153      201
   153      331
   153      739
   153      344
   153      356
   153      363
   153      249
   153      635
   153      637
   153      507
   154      737
   154      871
   154      796
   154      364
   154      237
   154      917
   154      760
   154      411
   154      412
   154      703
   155      547
   155      357
   155      593
   155      363
   155      658
   155      175
   155      338
   155      661
   155      795
   155      189
   155      581
   156      598
   156      664
   156      171
   156      445
   156      309
   156      472
   156      665
   156      891
   156      541
   157      675
   157      228
   157      262
   157      873
   157      821
   157      238
   157      175
   157      189
   157      858
   157      348
   157      277
   158      402
   158      954
   158      699
   158      382
   159      770
   159      739
   159      167
   159      905
   159      427
   159      172
   159      663
   159      527
   159      444
   160      163
   160      523
   160      193
   160      668
   160      624
   160      839
   160      820
   160      629
   160      823
   160      250
   160      540
   160      986
   160      555
   161      386
   161      906
   161      909
   161      654
   161      792
   161      166
   161      305
   161      937
   161      554
   161      689
   161      195
   161      780
   161      332
   161      722
   161      362
   161      748
   161      493
   162      325
   162      424
   163      997
   163      616
   163      339
   163      431
   163      885
   163      493
   163      621
   164      224
   164      435
   164      227
   164      487
   164      579
   165      641
   165      327
   165      794
   165      652
   165      734
   165      632
   165      637
   166      869
   166      295
   166      385
   166      752
   167      360
   167      876
   167      747
   167      671
   167      686
   167      559
   167      520
   167      691
   167      568
   167      217
   167      571
   167      252
   168      834
   168      879
   168      995
   168      344
   168      372
   168      668
   168      318
   169      322
   169      283
   169      452
   169      231
   169      200
   169      273
   169      209
   169      692
   169      548
   169      251
   169      964
   169      264
   170      996
   170      549
   170      486
   170      171
   170      194
   170      264
   170      921
   170      875
   170      313
   170      861
   171      646
   171      233
   171      350
   172      608
   172      492
   172      460
   172      881
   172      478
   172      745
   172      446
   173      832
   173      802
   173      387
   173      362
   173      207
   173      635
   173      634
   174      194
   174      451
   174      324
   174      314
   174      425
   174      847
   174      808
   174      179
   174      308
   174      278
   174      279
   174      952
   174      186
   174      187
   174      250
   174      181
   175      321
   175      771
   175      555
   175      436
   175      661
   175      694
   176      498
   176      846
   176      944
   176      918
   176      280
   177      845
   177      843
   177      555
   177      430
   177      301
   177      662
   177      187
   177      284
   177      287
   178      448
   178      298
   178      239
   178      837
   178      729
   178      829
   178      805
   179      385
   179      900
   179      263
   179      535
   179      763
   179      412
   179      565
   180      302
   180      341
   181      201
   181      563
   181      574
   181      408
   181      828
   182      868
   182      673
   182      716
   182      466
   182      627
   182      597
   182      319
   183      334
   183      596
   183      277
   183      348
   183      991
   184      576
   184      353
   184      705
   184      684
   184      269
   184      542
   184      187
   184      191
   185      496
   185      977
   185      206
   185      527
   185      208
   185      648
   185      213
   185      528
   186      869
   186      617
   186      778
   186      235
   186      765
   186      242
   186      307
   186      270
   186      888
   187      568
   187      584
   187      620
   187      400
   187      946
   187      373
   187      953
   187      825
   187      986
   188      654
   188      914
   188      829
   188      574
   189      285
   189      719
   190      384
   190      298
   190      965
   191      454
   191      202
   191      463
   191      945
   191      467
   191      730
   192      736
   192      741
   192      262
   192      429
   192      251
   192      381
   192      933
   193      415
   194      770
   194      560
   195      437
   195      439
   195      495
   195      253
   196      458
   196      390
   196      394
   196      258
   196      366
   196      559
   196      317
   197      672
   197      235
   197      425
   197      524
   197      557
   197      590
   197      905
   197      531
   197      949
   197      823
   197      927
   198      657
   198      232
   198      681
   198      557
   198      317
   199      518
   199      307
   199      720
   199      829
   200      993
   200      932
   200      229
   200      840
   201      409
   201      236
   201      301
   201      849
   201      952
   201      345
   201      216
   201      219
   201      636
   202      787
   202      220
   204      740
   204      294
   204      504
   204      244
   204      985
   204      216
   204      820
   205      578
   205      550
   205      263
   205      461
   205      594
   205      862
   206      770
   206      837
   206      935
   206      526
   206      631
   206      892
   206      869
   207      488
   207      375
   207      468
   207      281
   207      347
   207      221
   207      926
   208      482
   208      387
   208      325
   208      989
   208      879
   208      688
   208      882
   208      949
   208      950
   208      911
   208      834
   209      929
   209      420
   209      551
   209      276
   209      314
   210      879
   210      229
   210      332
   210      321
   210      303
   210      754
   210      371
   210      847
   210      444
   210      446
   211      546
   211      462
   212      489
   213      955
   213      341
   213      634
   213      635
   213      590
   214      770
   214      260
   214      711
   214      425
   214      999
   214      525
   214      693
   215      837
   215      294
   215      648
   215      489
   215      553
   215      250
   215      988
   215      997
   216      291
   216      310
   216      696
   217      866
   217      324
   217      855
   218      779
   218      762
   218      426
   218      530
   218      816
   218      372
   218      790
   218      953
   218      916
   218      474
   218      541
   219      443
   220      356
   220      328
   220      845
   220      594
   220      662
   222      527
   222      788
   222      726
   222      375
   222      380
   223      769
   223      271
   223      515
   223      308
   223      982
   223      286
   224      707
   224      230
   224      755
   224      372
   224      917
   224      580
   224      666
   224      411
   225      611
   225      603
   225      515
   225      263
   225      999
   225      431
   225      660
   225      885
   225      506
   225      379
   225      316
   225      509
   226      897
   226      322
   226      781
   226      931
   226      857
   226      511
   227      780
   227      305
   227      473
   227      570
   227      363
   227      862
   228      289
   228      455
   228      593
   228      471
   229      320
   229      292
   229      550
   229      369
   229      855
   229      499
   229      850
   229      720
   229      497
   229      471
   229      819
   229      817
   230      639
   230      649
   230      586
   230      814
   230      272
   230      341
   230      473
   230      251
   230      828
   230      597
   231      416
   231      641
   231      395
   231      813
   231      486
   231      360
   231      554
   231      418
   231      482
   231      346
   231      914
   232      352
   232      269
   232      372
   232      500
   232      572
   232      543
   233      325
   233      552
   233      428
   233      650
   233      885
   234      814
   234      978
   235      418
   235      910
   235      279
   235      380
   235      474
   236      470
   236      248
   237      278
   237      257
   237      812
   237      464
   237      755
   237      407
   237      613
   238      610
   238      571
   238      522
   238      493
   238      510
   239      428
   239      493
   239      430
   240      461
   240      402
   241      963
   241      685
   241      597
   241      281
   241      282
   241      382
   242      650
   242      450
   242      495
   242      719
   242      508
   242      413
   242      511
   243      965
   243      509
   244      292
   244      458
   244      499
   244      371
   244      630
   244      698
   244      318
   246      450
   246      808
   246      365
   246      657
   247      880
   247      362
   247      526
   247      781
   247      560
   248      267
   248      366
   248      533
   248      863
   248      989
   248      757
   249      320
   249      393
   250      416
   250      514
   250      324
   250      294
   250      801
   250      882
   250      723
   251      804
   251      364
   251      600
   252      738
   252      494
   253      384
   253      388
   253      391
   253      268
   253      494
   253      815
   253      291
   253      791
   253      472
   253      803
   253      347
   254      321
   254      742
   254      396
   254      624
   255      928
   255      609
   255      959
   255      744
   255      848
   256      673
   256      452
   256      454
   256      875
   256      305
   256      595
   256      351
   257      907
   257      875
   258      577
   258      387
   258      816
   258      792
   258      985
   259      322
   259      659
   259      984
   259      923
   260      448
   260      904
   260      364
   260      818
   260      791
   260      894
   261      898
   261      841
   261      752
   261      954
   262      368
   262      333
   263      886
   264      672
   264      874
   264      356
   264      683
   264      303
   264      339
   264      852
   264      821
   264      534
   264      884
   264      378
   264      795
   264      538
   264      383
   266      864
   266      388
   266      509
   266      767
   267      489
   267      391
   267      721
   268      896
   268      673
   268      423
   268      689
   268      562
   268      537
   269      469
   269      725
   270      784
   270      632
   271      593
   271      529
   271      479
   272      484
   272      613
   272      481
   272      744
   272      430
   272      840
   272      838
   272      612
   272      734
   273      651
   273      911
   274      900
   274      458
   274      583
   274      863
   274      349
   274      543
   275      615
   275      627
   276      321
   276      842
   276      429
   276      402
   276      479
   277      416
   277      610
   277      456
   277      755
   277      760
   277      505
   278      302
   278      941
   278      311
   278      764
   279      834
   279      934
   279      522
   279      471
   279      440
   280      398
   280      882
   280      822
   280      446
   281      545
   281      867
   281      325
   281      359
   281      905
   281      626
   281      504
   282      852
   283      802
   283      583
   283      406
   283      696
   283      539
   283      447
   284      785
   284      399
   285      289
   285      290
   285      997
   285      688
   285      414
   286      438
   286      414
   287      611
   287      998
   287      401
   287      392
   287      842
   287      363
   287      835
   287      872
   287      535
   287      377
   288      578
   288      538
   288      478
   289      291
   289      773
   289      432
   290      930
   290      941
   290      497
   290      572
   291      931
   291      741
   291      571
   292      802
   292      936
   292      412
   292      316
   293      939
   293      836
   293      663
   293      397
   293      401
   293      963
   293      405
   293      344
   293      890
   294      944
   294      540
   294      351
   295      390
   295      733
   296      768
   296      671
   297      656
   297      473
   298      779
   299      512
   299      749
   299      591
   299      570
   300      384
   300      427
   300      524
   300      463
   300      658
   300      441
   300      314
   300      379
   300      474
   300      510
   302      466
   302      349
   303      712
   303      442
   303      604
   303      797
   304      743
   304      903
   304      660
   305      323
   305      581
   305      862
   306      421
   306      876
   306      337
   306      638
   307      544
   307      457
   307      369
   307      376
   307      345
   307      492
   308      322
   308      421
   308      604
   309      798
   309      451
   309      807
   309      990
   309      650
   309      912
   309      436
   309      437
   309      919
   310      350
   312      608
   312      386
   312      326
   312      849
   312      780
   312      623
   312      529
   312      411
   313      679
   313      396
   313      348
   313      445
   314      581
   314      551
   314      594
   314      595
   315      800
   315      619
   315      325
   315      561
   315      937
   315      575
   316      714
   316      409
   316      924
   316      479
   317      609
   317      359
   317      652
   317      548
   318      592
   319      773
   319      584
   319      698
   320      676
   320      713
   321      746
   321      434
   321      339
   321      439
   321      760
   322      717
   322      654
   322      443
   323      800
   323      842
   323      459
   323      621
   323      784
   323      506
   323      924
   324      677
   324      877
   324      732
   324      351
   325      507
   325      562
   325      761
   325      895
   326      553
   326      735
   327      642
   327      643
   327      903
   327      956
   327      397
   327      909
   327      368
   327      563
   327      693
   327      831
   327      573
   328      577
   328      995
   328      934
   328      824
   328      415
   329      765
   330      787
   331      613
   331      397
   332      366
   332      337
   332      538
   332      763
   333      621
   333      890
   334      608
   334      360
   334      627
   334      662
   335      354
   335      517
   335      424
   335      917
   335      895
   336      483
   336      715
   336      723
   337      743
   338      967
   338      520
   338      435
   338      340
   338      855
   338      665
   338      442
   339      864
   339      386
   340      546
   340      772
   340      463
   340      528
   340      725
   340      478
   341      546
   341      649
   341      498
   341      494
   341      937
   342      385
   342      488
   342      475
   343      546
   343      566
   343      764
   344      550
   344      633
   344      810
   344      849
   344      439
   345      416
   345      763
   345      391
   345      867
   345      459
   345      780
   345      711
   345      475
   346      459
   346      971
   346      721
   346      410
   346      381
   348      514
   348      999
   348      464
   348      497
   348      953
   349      490
   350      705
   350      706
   350      651
   350      758
   350      465
   350      409
   351      779
   351      421
   351      651
   351      951
   351      895
   351      796
   351      485
   352      677
   352      498
   352      530
   352      703
   353      747
   353      580
   353      993
   353      778
   353      683
   353      750
   353      856
   353      916
   353      544
   353      601
   353      858
   353      604
   354      731
   355      512
   355      658
   355      472
   355      701
   356      900
   356      517
   356      618
   356      846
   356      444
   357      645
   357      588
   357      753
   357      787
   357      950
   357      374
   358      836
   359      925
   359      429
   359      509
   360      448
   360      611
   360      939
   361      584
   361      807
   363      878
   363      372
   363      605
   364      730
   364      695
   364      722
   364      626
   364      471
   364      964
   364      412
   364      573
   365      672
   365      836
   365      873
   365      797
   365      636
   365      445
   366      832
   367      912
   367      678
   367      599
   367      728
   368      832
   368      725
   368      700
   369      389
   369      654
   369      787
   369      507
   370      776
   370      427
   370      573
   370      689
   370      404
   370      889
   370      764
   371      686
   371      692
   372      578
   372      507
   372      741
   372      615
   372      811
   372      588
   372      475
   373      615
   373      873
   374      516
   374      815
   374      400
   375      607
   375      479
   377      587
   377      733
   377      913
   377      605
   377      894
   378      516
   378      758
   379      754
   380      996
   380      466
   381      718
   381      985
   382      915
   383      608
   383      547
   383      500
   384      447
   385      839
   385      820
   385      638
   386      834
   387      620
   387      622
   387      984
   387      410
   388      801
   388      643
   388      687
   388      661
   388      763
   389      477
   390      488
   390      436
   391      815
   391      794
   391      607
   392      651
   392      633
   393      417
   393      836
   393      935
   394      853
   394      414
   395      469
   395      401
   395      405
   395      634
   395      970
   396      417
   397      513
   397      454
   397      685
   397      886
   397      697
   397      569
   397      447
   398      432
   398      689
   398      502
   398      537
   398      477
   399      674
   399      560
   399      854
   399      603
   400      801
   400      580
   400      694
   400      454
   400      558
   400      563
   401      449
   401      553
   401      812
   401      494
   401      602
   402      833
   403      798
   404      837
   404      847
   404      913
   404      501
   404      438
   405      881
   405      542
   405      927
   406      934
   406      906
   406      995
   406      500
   406      799
   407      440
   407      892
   408      527
   408      510
   409      721
   409      791
   411      950
   411      587
   411      803
   412      460
   412      441
   413      761
   414      490
   414      551
   414      812
   414      415
   415      969
   415      434
   415      648
   415      468
   415      764
   416      417
   416      599
   416      536
   417      565
   417      927
   418      481
   418      457
   418      789
   418      607
   419      881
   419      598
   419      446
   420      876
   421      705
   421      929
   421      650
   421      534
   421      475
   422      998
   422      940
   422      877
   422      500
   423      640
   423      678
   423      874
   423      943
   423      664
   423      509
   424      713
   424      982
   424      539
   425      491
   425      620
   426      704
   426      668
   427      738
   427      520
   427      698
   427      638
   428      998
   428      936
   428      589
   428      761
   428      569
   429      706
   429      629
   429      475
   430      598
   431      618
   432      967
   433      555
   433      730
   434      897
   434      526
   435      451
   435      515
   435      575
   436      868
   436      589
   436      472
   437      484
   437      677
   437      772
   438      549
   438      690
   439      581
   439      646
   439      457
   439      950
   440      704
   440      897
   440      549
   440      578
   440      688
   440      753
   440      467
   440      851
   440      702
   442      449
   443      774
   443      592
   444      861
   445      988
   445      728
   446      800
   447      674
   447      985
   447      735
   448      675
   448      816
   448      605
   450      570
   452      544
   452      908
   452      924
   453      582
   454      913
   454      916
   455      723
   456      845
   456      502
   456      542
   456      767
   458      577
   458      518
   458      970
   458      575
   459      480
   459      775
   459      945
   459      827
   461      492
   462      484
   462      939
   462      784
   462      852
   462      501
   464      694
   465      879
   466      772
   466      549
   466      907
   466      591
   466      468
   466      568
   466      964
   466      655
   466      765
   467      482
   467      765
   467      768
   468      555
   468      966
   468      678
   468      535
   468      523
   468      910
   468      739
   468      471
   469      510
   471      752
   472      523
   472      675
   472      959
   473      624
   473      628
   473      599
   473      756
   473      922
   473      636
   474      727
   474      729
   474      667
   475      808
   475      694
   475      575
   476      617
   476      496
   476      532
   476      569
   477      656
   477      980
   478      545
   478      896
   478      536
   478      955
   480      776
   480      547
   480      886
   481      927
   482      641
   482      727
   483      677
   483      853
   483      541
   483      670
   484      517
   484      821
   485      804
   485      554
   485      789
   485      667
   486      790
   487      811
   487      564
   488      640
   489      524
   489      542
   490      838
   492      773
   492      619
   492      957
   493      712
   493      782
   493      568
   493      700
   494      714
   494      984
   495      901
   495      775
   495      685
   495      593
   495      826
   496      552
   496      762
   496      827
   497      902
   497      543
   499      998
   499      679
   499      976
   500      552
   500      979
   500      572
   500      926
   501      762
   502      899
   502      711
   502      880
   502      850
   502      595
   502      792
   502      602
   502      831
   503      940
   503      607
   506      884
   507      848
   508      933
   509      715
   509      767
   510      864
   510      739
   510      545
   510      778
   510      583
   510      877
   510      995
   510      983
   512      752
   512      888
   512      859
   514      960
   515      811
   516      610
   516      779
   518      961
   518      587
   518      947
   519      748
   519      818
   519      590
   519      728
   520      749
   520      958
   521      875
   521      532
   522      796
   522      970
   522      791
   522      565
   523      633
   526      966
   526      716
   526      570
   526      732
   526      861
   527      630
   529      740
   530      616
   532      615
   532      780
   533      685
   535      810
   535      781
   535      750
   536      746
   536      671
   537      862
   539      752
   539      708
   539      606
   540      710
   540      839
   540      717
   540      751
   540      625
   540      576
   543      614
   543      690
   543      919
   543      722
   543      860
   544      574
   544      735
   545      806
   545      778
   545      592
   545      850
   547      574
   548      693
   549      625
   549      600
   550      998
   551      960
   551      909
   551      719
   551      975
   553      640
   553      986
   554      830
   554      927
   555      716
   555      991
   556      844
   556      923
   557      915
   558      678
   558      616
   558      893
   558      727
   558      637
   559      628
   559      641
   559      788
   559      737
   561      871
   561      883
   562      979
   563      830
   564      586
   564      749
   564      682
   565      643
   565      925
   567      605
   570      776
   570      944
   570      945
   571      771
   574      608
   575      778
   576      647
   576      589
   577      647
   577      914
   578      684
   579      669
   579      959
   580      758
   580      766
   581      686
   581      984
   582      800
   582      843
   584      948
   584      601
   586      745
   586      633
   586      954
   587      803
   587      809
   587      918
   588      660
   588      853
   588      841
   588      989
   589      944
   589      624
   589      696
   590      704
   590      939
   591      966
   591      900
   591      602
   592      977
   593      720
   593      709
   593      885
   593      701
   594      994
   594      786
   594      921
   594      606
   595      903
   595      974
   597      871
   597      912
   598      992
   598      680
   598      617
   598      748
   601      654
   602      833
   602      898
   602      979
   603      773
   603      971
   603      760
   603      890
   603      669
   603      768
   604      997
   605      799
   607      644
   607      947
   607      999
   607      633
   608      708
   609      981
   609      703
   610      776
   610      745
   610      824
   612      683
   612      813
   615      833
   616      911
   616      985
   616      632
   616      825
   617      657
   617      626
   618      838
   619      873
   621      957
   622      697
   623      866
   625      641
   625      794
   625      990
   626      914
   626      658
   626      853
   626      847
   627      928
   627      673
   627      629
   627      951
   630      769
   631      992
   631      676
   631      987
   633      872
   633      946
   634      645
   634      635
   634      926
   635      898
   635      804
   636      713
   637      712
   638      805
   638      735
   639      814
   639      979
   640      915
   642      737
   642      679
   642      717
   642      942
   642      912
   642      786
   643      753
   646      648
   646      908
   646      981
   647      920
   649      679
   649      995
   652      715
   652      751
   653      675
   653      743
   655      741
   655      841
   655      699
   658      956
   660      981
   660      886
   660      857
   661      827
   661      691
   662      942
   662      923
   664      902
   665      897
   665      904
   666      793
   667      794
   668      736
   670      974
   670      865
   672      682
   673      676
   675      771
   675      947
   675      820
   676      749
   678      948
   679      805
   679      711
   679      680
   679      747
   679      789
   679      726
   679      701
   680      691
   681      976
   682      949
   682      863
   683      707
   686      897
   687      769
   687      733
   688      880
   689      826
   690      761
   691      956
   691      936
   691      924
   696      790
   697      785
   698      993
   698      777
   698      946
   700      710
   700      903
   700      712
   702      707
   702      804
   702      936
   703      959
   705      975
   705      884
   707      932
   707      945
   708      969
   708      789
   709      743
   709      724
   709      953
   710      906
   712      777
   712      887
   714      744
   714      783
   716      961
   716      726
   717      810
   718      990
   719      758
   722      968
   722      980
   723      960
   723      756
   724      810
   725      769
   726      753
   727      759
   728      839
   728      940
   733      795
   735      843
   738      964
   738      973
   740      746
   741      782
   742      815
   744      799
   748      806
   752      843
   754      769
   754      846
   755      858
   760      846
   761      957
   761      817
   762      768
   762      944
   763      946
   769      840
   769      852
   771      831
   773      835
   773      916
   775      889
   776      967
   777      932
   779      969
   781      978
   786      794
   790      940
   791      795
   791      863
   792      909
   794      910
   795      803
   801      977
   802      840
   802      973
   802      824
   807      901
   807      974
   808      965
   809      935
   809      949
   810      989
   813      977
   818      929
   819      905
   821      942
   822      934
   822      971
   822      941
   825      835
   826      850
   827      896
   827      859
   829      835
   830      975
   830      976
   831      962
   835      969
   835      883
   836      918
   838      990
   839      965
   848      879
   848      857
   853      865
   855      924
   857      875
   859      992
   860      920
   860      868
   864      994
   865      918
   866      925
   870      928
   874      929
   877      930
   877      959
   878      888
   879      903
   881      972
   885      963
   893      921
   895      906
   896      923
   902      905
   906      962
   906      920
   924      991
   926      951
   934      943
   943      953
   957      988
   960      988
   969      996
   977      994
   983      990
   986      987
