     0      897
     0      417
     0       99
     0       36
     0      839
     0      817
     0      323
     0      244
     0      213
     0      804
     0      414
     1      928
     1      610
     1      847
     1       17
     1       18
     1      406
     1      216
     1      763
     1      988
     1      509
     1      415
     2      673
     2      995
     2       68
     2      752
     2      739
     2      596
     2      597
     2      982
     2      505
     2      410
     2      219
     2      853
     3      672
     3      103
     3       41
     3      716
     3      237
     3       50
     3      473
     3      797
     3       31
     4      324
     4      454
     4      359
     4      488
     4      811
     4      812
     4      881
     4      180
     4      950
     4      632
     4      635
     4      638
     5      976
     5      978
     5      251
     5      511
     5      823
     6       17
     6       67
     6      163
     6      100
     6      223
     7      640
     7      683
     7      657
     7      713
     7      842
     7      363
     7      780
     7      925
     7       81
     7       21
     7      905
     7      156
     7      183
     7      821
     8      385
     8      579
     8      965
     8      680
     8      585
     8      333
     8      974
     8      629
     8      969
     8      633
     8       92
     8      381
     9      192
     9      464
     9      418
     9       34
     9      198
     9      455
     9      156
     9      714
     9      685
     9       79
     9      450
     9      657
     9      820
     9      181
     9      694
     9      700
     9      309
    10      256
    10      768
    10       39
    10      936
    10      583
    10      492
    10      559
    10      722
    10      981
    10      728
    10      537
    10      156
    10       94
    11      801
    11      618
    11      139
    11      976
    11      117
    11      380
    11      926
    12      800
    12      425
    12       36
    12       37
    12      615
    12       72
    12      649
    12      523
    12      943
    12      789
    12      905
    12      218
    13      609
    13      450
    13      231
    13      937
    13      663
    13      564
    13      855
    14      256
    14      354
    14      134
    14      262
    14      238
    14      913
    14      210
    14      414
    15      712
    15      332
    15      236
    15      461
    15      367
    15      623
    16      100
    16      677
    16      553
    16      876
    16       46
    16      976
    16      951
    17      515
    17      168
    17      782
    17      883
    17      186
    17      442
    17      858
    18      140
    18      847
    18      210
    18      979
    18       20
    18       26
    18      573
    19      291
    19       70
    19      297
    19      588
    19      173
    19      847
    19      976
    19      387
    19      762
    19      894
    19      383
    20      968
    20      141
    20      822
    20       90
    20      700
    21      577
    21      982
    21      711
    21      912
    21      148
    21      758
    21      159
    22      784
    22      102
    22      289
    22      395
    22      816
    22      116
    22       85
    22      476
    23      128
    23      805
    23      424
    23      915
    23      117
    23      854
    23      599
    23      602
    23      541
    24      802
    24      356
    24      972
    24      563
    24      532
    24      730
    24      987
    25      449
    25      867
    25      918
    25      775
    25      776
    25      504
    25      886
    25      760
    25      473
    25       93
    25       31
    26      288
    26      128
    26      868
    26      619
    26      396
    26       46
    26      943
    26      307
    26      212
    26      382
    27      194
    27      421
    27      518
    27      398
    27      495
    27      473
    27      858
    27      282
    28      228
    28      463
    28      815
    28      144
    28      790
    28      507
    28      605
    29      608
    29      998
    29      780
    29      786
    29      434
    29      601
    29      607
    30       33
    30      225
    30      616
    30      553
    30      364
    30      146
    30      312
    30       89
    31      501
    31      812
    31       52
    31      909
    31      785
    31      212
    31      373
    31      278
    31      185
    31      700
    31      703
    32      130
    32      630
    32      710
    32      140
    32      619
    32      332
    32      397
    32       46
    32      462
    32      406
    32      664
    32       38
    32       60
    32      549
    33      417
    33      898
    33      867
    33      353
    33      711
    33      909
    33      718
    33      372
    33      558
    33      471
    33      415
    34      960
    34      450
    34      132
    34      935
    34      873
    34      668
    34      749
    34      654
    34      469
    34      615
    34      155
    34      764
    34      190
    35      897
    35      739
    35      182
    35      526
    35      978
    35      821
    35      694
    35      378
    35      219
    36      416
    36      675
    36      390
    36      873
    36      561
    36      692
    36       94
    36      639
    37      484
    37      134
    37      647
    37      392
    37       41
    37      719
    37      143
    37      445
    37      862
    37      927
    38      400
    38      197
    38      465
    38      714
    38      109
    38       80
    38      792
    38      471
    38      696
    38      537
    39      419
    39      516
    39      518
    39      135
    39      584
    39      969
    39      396
    39       77
    39       86
    39      535
    39      184
    39      509
    40       83
    40      165
    40      615
    40      872
    40      690
    40      787
    40      917
    40      182
    40      574
    40      383
    41      838
    41      522
    41      267
    41      176
    41      307
    42      193
    42      291
    42      263
    42      429
    42      365
    42      253
    42      436
    42      918
    42      152
    42      827
    42      540
    42      381
    42      318
    43      770
    43      173
    43      718
    43      757
    43      954
    43      444
    44      931
    44      526
    44      911
    44      186
    44      988
    44      157
    45      316
    45      270
    45      433
    45      850
    45      724
    45      436
    45      572
    45      126
    45      479
    46      832
    46      934
    46      938
    46      331
    46      401
    46      378
    46      315
    46      253
    47      740
    47      933
    47      934
    47      743
    47      589
    47      206
    47      881
    47      246
    47      599
    47      856
    47      668
    48      832
    48      172
    48      685
    48      750
    48      151
    48      571
    48      988
    49      297
    49      234
    49      365
    49      538
    49      155
    49      510
    50      168
    50      265
    50      344
    50      820
    50      792
    50      921
    50      987
    51      322
    51      709
    51      331
    51       78
    51      527
    51      240
    51      408
    51      148
    51      246
    51      664
    51      731
    51      447
    52      321
    52      515
    52      865
    52      306
    52      786
    52      948
    52      888
    52      638
    53      389
    53      406
    53      199
    53      879
    53      624
    53      978
    53      470
    53      728
    53      761
    54      929
    54      196
    54      869
    54      455
    54      105
    54      940
    54      242
    54      975
    54      880
    54      498
    54      566
    54      379
    55      389
    55      237
    55      728
    55      882
    55      308
    55      406
    55      505
    55      984
    55      409
    55      922
    55      671
    55      639
    56      514
    56      131
    56      389
    56      134
    56      584
    56      716
    56       79
    56      944
    56      178
    56      483
    56      436
    56      951
    56      604
    57      288
    57      514
    57      100
    57      877
    57      685
    57      592
    57      658
    57      853
    57      695
    57      761
    57       91
    57       60
    57      415
    58      540
    58      661
    58      337
    58      277
    58      889
    58      156
    58      159
    59      129
    59       68
    59      244
    59       90
    59      124
    59      351
    60      161
    60      577
    60      971
    60      760
    60      527
    60      208
    60      401
    60      149
    60      662
    60      665
    60      536
    61      566
    61      104
    61      682
    61      880
    61      980
    61      981
    61      502
    61      887
    61      602
    61      158
    62      801
    62      387
    62      356
    62      234
    62      781
    62      559
    62      471
    62      825
    63      291
    63      818
    63      535
    63      408
    63      569
    63      733
    64      449
    64      166
    64      874
    64      971
    64      428
    64      237
    64      114
    64      435
    64      828
    64      394
    65      385
    65      613
    65      902
    65      993
    65      810
    65      139
    65      174
    65      982
    65      699
    66      323
    66      104
    66      714
    66      300
    66      173
    66      816
    66      259
    66      245
    66      150
    66      921
    66      345
    67      736
    67      353
    67      227
    67      625
    67      460
    67      203
    67      428
    67      365
    67      209
    67      413
    67       94
    68      230
    68      425
    68      876
    68      578
    68      270
    68      975
    68      528
    68      978
    68      610
    68      265
    68      507
    69      376
    69      322
    69      499
    69      189
    69      433
    69      627
    69      565
    69      472
    69      313
    69      828
    69      637
    70      481
    70      458
    70      300
    70      301
    70      431
    70      912
    70      147
    70      728
    70      313
    70      828
    70      362
    71      808
    71      777
    71      236
    71      973
    71      296
    71      664
    71      123
    71      414
    72      896
    72      353
    72      934
    72      929
    72      332
    72      974
    72      913
    72      243
    72      254
    72      982
    72      857
    72      157
    72      990
    73      576
    73      866
    73      367
    73      400
    73      466
    73      597
    73      827
    73      220
    73      574
    74      993
    74      452
    74      997
    74      519
    74      558
    74      944
    74      177
    74      628
    74      734
    74      673
    74      346
    74      158
    75      164
    75      453
    75      273
    75      200
    75      977
    75      786
    75      261
    76      515
    76      710
    76      751
    76      757
    76      799
    76      124
    76      989
    76      831
    77      376
    77      842
    77      684
    77      110
    77      305
    77      342
    77      952
    77      665
    77      571
    77      223
    78      224
    78      418
    78       91
    78      177
    78      841
    78      175
    78      780
    78      269
    78      879
    78      465
    78      562
    78      379
    79      290
    79      676
    79      487
    79      940
    79      172
    79      240
    79      152
    79      405
    79      249
    79      410
    79      701
    79      798
    80      643
    80      452
    80      742
    80      873
    80      108
    80      627
    80      404
    80      661
    80      790
    80      852
    80      537
    81      608
    81      970
    81      236
    81      378
    81      827
    81      956
    82      352
    82      736
    82      548
    82      647
    82      873
    82      842
    82      428
    82      271
    82      183
    83      898
    83      803
    83      196
    83      841
    83      331
    83      750
    83      722
    83      755
    83      276
    83      725
    83      283
    84      131
    84      362
    84      175
    84      145
    84      116
    84      151
    84      856
    84      345
    84      189
    85      673
    85      225
    85      425
    85      747
    85      222
    86      482
    86      521
    86      684
    86      429
    86      245
    86      986
    86       90
    86      607
    87      632
    87      376
    87      754
    87      682
    88      131
    88      454
    88      780
    88      308
    88      153
    88      220
    89      483
    89      104
    89      819
    89      981
    89      377
    89      826
    90      999
    90      971
    90      368
    90      915
    90      821
    90      856
    90      756
    91      740
    91      741
    91      903
    91      104
    91      425
    91      910
    91      692
    91      502
    91      347
    92      131
    92      195
    92      170
    92      591
    92      952
    92      659
    92      534
    92      600
    92      175
    92      860
    93      868
    93      115
    93      217
    93      731
    93      990
    94      867
    94      709
    94      103
    94      717
    94      782
    94      721
    94      606
    94      983
    94      729
    94      506
    94      190
    94      965
    95      706
    95      356
    95      809
    95      375
    95      556
    95      156
    95      919
    95      380
    96      417
    96      162
    96      902
    96      361
    96      202
    96      236
    96      275
    96      828
    97      529
    97      936
    97      905
    97      586
    97      433
    97      667
    97      829
    97      894
    98      611
    98      453
    98      299
    98      717
    98      557
    98      561
    98      755
    98      726
    98      794
    98      271
    98      762
    98      351
    99      643
    99      676
    99      102
    99      521
    99      396
    99      751
    99      369
    99      595
    99      181
    99      669
    99      830
    99      191
   100      965
   100      200
   100      729
   100      430
   100      726
   100      377
   100      191
   101      133
   101      200
   101      618
   101      876
   101      659
   101      409
   101      920
   101      217
   102      960
   102      964
   102      662
   102      522
   102      395
   102      125
   102      532
   102      138
   102      664
   102      409
   102      538
   102      285
   103      392
   103      476
   103      813
   103      611
   103      469
   103      664
   103      954
   103      124
   103      959
   104      475
   104      164
   104      246
   104      162
   104      437
   104      374
   104      516
   104      799
   105      129
   105      482
   105      694
   105      942
   105      177
   105      437
   106      515
   106      197
   106      518
   106      199
   106      869
   106      958
   106      159
   107      976
   107      964
   107      165
   107      944
   107      538
   107      186
   108      608
   108      674
   108      131
   108      459
   109      740
   109      421
   109      174
   109      719
   109      369
   109      824
   109      804
   109      474
   110      192
   110      833
   110      226
   110      582
   110      326
   110      176
   110      930
   110      400
   110      593
   110      629
   110      834
   110      254
   110      621
   111      706
   111      362
   111      778
   111      390
   111      149
   112      515
   112      996
   112      485
   112      461
   112      462
   112      120
   112      402
   112      468
   112      213
   112      694
   112      985
   112      984
   112      852
   112      155
   112      350
   113      198
   113      679
   113      873
   113      682
   113      532
   113      660
   113      503
   113      596
   114      896
   114      385
   114      389
   114      585
   114      397
   114      507
   114      478
   114      991
   115      994
   115      739
   115      838
   115      458
   115      878
   115      795
   116      386
   116      643
   116      438
   116      389
   116      871
   116      566
   116      333
   116      399
   116      429
   117      642
   117      965
   117      999
   117      519
   117      715
   117      237
   117      946
   117      436
   117      725
   117      316
   118      992
   118      331
   118      436
   119      707
   119      166
   119      859
   119      523
   119      142
   119      925
   119      899
   119      916
   119      974
   119      344
   119      409
   119      667
   119      220
   119      189
   120      363
   120      207
   120      786
   120      820
   120      149
   120      183
   120      341
   121      672
   121      768
   121      355
   121      617
   121      779
   121      338
   121      974
   121      944
   121      817
   121      178
   121      675
   121      341
   121      253
   121      286
   122      416
   122      512
   122      999
   122      888
   122      313
   122      828
   123      720
   123      561
   123      563
   123      662
   123      765
   123      190
   124      386
   124      996
   124      396
   124      394
   124      743
   124      944
   124      612
   124      726
   124      599
   124      153
   124      508
   124      222
   125      160
   125      193
   125      955
   125      553
   125      810
   125      912
   125      181
   125      697
   125      699
   125      156
   125      277
   126      130
   126      455
   126      140
   126      401
   126      881
   126      275
   126      244
   126      630
   127      992
   127      162
   127      965
   127      583
   127      618
   127      222
   127      791
   127      442
   127      766
   127      373
   128      141
   128      881
   128      283
   128      190
   129      385
   129      283
   129      196
   129      199
   129      493
   129      976
   129      600
   129      371
   129      664
   129      641
   129      701
   130      193
   130      772
   130      839
   130      168
   130      681
   130      267
   130      492
   130      685
   130      655
   130      148
   130      215
   130      634
   130      219
   131      613
   131      550
   131      849
   131      303
   131      594
   131      249
   131      954
   131      702
   131      415
   132      353
   132      999
   132      138
   132      846
   132      816
   132      317
   133      736
   133      998
   133      523
   133      589
   133      782
   133      528
   133      337
   133      498
   133      602
   133      186
   134      768
   134      705
   134      195
   134      742
   134      839
   134      552
   134      713
   134      650
   134      626
   134      544
   134      792
   134      136
   134      349
   134      318
   134      485
   135      386
   135      868
   135      664
   135      743
   135      334
   135      816
   135      536
   135      978
   135      371
   135      601
   135      216
   135      153
   136      636
   136      748
   136      594
   136      850
   136      218
   136      796
   137      771
   137      230
   137      265
   137      746
   137      268
   137      754
   137      594
   137      297
   137      188
   137      702
   138      768
   138      225
   138      738
   138      975
   138      368
   138      336
   138      980
   138      569
   138      249
   138      847
   138      924
   139      443
   139      708
   139      296
   139      380
   139      915
   139      560
   139      978
   139      339
   139      409
   139      635
   139      348
   140      165
   140      297
   140      398
   140      948
   140      284
   140      829
   141      608
   141      551
   141      712
   141      427
   141      945
   141      855
   141      660
   141      953
   141      344
   141      190
   142      512
   142      552
   142      220
   142      362
   142      364
   142      783
   142      240
   142      723
   142      886
   142      476
   142      509
   142      414
   143      801
   143      194
   143      396
   143      655
   143      435
   143      534
   143      375
   143      254
   144      320
   144      808
   144      521
   144      493
   144      624
   144      978
   144      692
   144      841
   144      831
   145      571
   145      307
   145      396
   145      563
   145      570
   145      283
   145      796
   146      226
   146      870
   146      423
   146      743
   146      749
   146      783
   146      797
   147      675
   147      295
   147      616
   147      717
   147      590
   147      783
   147      400
   147      374
   147      665
   147      666
   147      478
   147      845
   148      480
   148      738
   148      316
   148      425
   148      653
   148      942
   148      446
   148      949
   148      599
   148      924
   148      254
   149      258
   149      871
   149      618
   149      711
   149      792
   149      253
   150      320
   150      155
   150      996
   150      838
   150      232
   150      490
   150      244
   150      827
   150      508
   150      318
   151      384
   151      994
   151      419
   151      872
   151      394
   151      299
   151      462
   151      242
   151      696
   151      634
   151      635
   152      937
   152      430
   152      597
   152      728
   152      911
   153      450
   153      554
   153      719
   153      305
   153      246
   154      257
   154      899
   154      417
   154      456
   154      938
   154      596
   154      220
   155      805
   155      553
   155      330
   155      728
   155      593
   155      629
   155      600
   155      857
   155      894
   155      575
   156      801
   156      282
   156      901
   156      422
   156      490
   156      285
   156      742
   156      467
   156      532
   156      303
   157      803
   157      357
   157      588
   157      701
   158      544
   158      391
   158      872
   158      683
   158      270
   158      591
   158      660
   158      894
   158      511
   159      641
   159      930
   159      745
   159      173
   159      915
   159      472
   159      506
   160      320
   160      163
   160      657
   160      360
   160      264
   160      564
   160      437
   160      798
   160      767
   161      612
   161      198
   161      298
   161      238
   161      370
   161      564
   161      982
   161      829
   162      353
   162      291
   162      553
   162      394
   162      717
   162      306
   162      882
   163      384
   163      412
   163      430
   163      949
   163      855
   163      347
   163      668
   164      772
   164      699
   164      975
   164      743
   164      232
   164      779
   164      684
   164      525
   164      815
   164      211
   164      382
   164      315
   164      702
   165      225
   165      262
   165      877
   165      808
   165      726
   165      250
   165      731
   165      986
   165      734
   165      383
   166      896
   166      613
   166      679
   166      648
   166      722
   166      736
   167      676
   167      901
   167      745
   167      620
   167      846
   167      218
   168      551
   168      456
   168      176
   168      979
   168      436
   168      405
   169      320
   169      762
   169      595
   169      525
   170      396
   170      429
   170      239
   170      753
   170      853
   170      342
   170      509
   170      383
   171      464
   171      462
   171      528
   171      209
   171      851
   171      765
   171      926
   172      194
   172      551
   172      235
   172      642
   172      822
   172      887
   172      984
   172      601
   172      190
   173      195
   173      644
   173      179
   173      520
   173      394
   173      589
   173      815
   173      440
   173      369
   173      692
   173      661
   173      632
   173      276
   173      859
   173      317
   174      494
   174      495
   174      848
   174      369
   174      438
   174      543
   174      989
   174      575
   175      737
   175      806
   175      848
   175      694
   175      506
   176      356
   176      653
   176      462
   176      694
   176      553
   177      801
   177      325
   177      392
   177      651
   177      655
   177      211
   177      503
   177      856
   177      189
   177      247
   178      256
   178      641
   178      995
   178      713
   178      650
   178      369
   178      531
   178      544
   178      693
   178      345
   178      412
   178      350
   179      707
   179      868
   179      551
   179      879
   179      658
   179      852
   179      856
   179      633
   180      240
   180      401
   180      215
   180      184
   180      857
   181      224
   181      258
   181      327
   181      466
   181      246
   181      986
   182      963
   182      265
   182      848
   182      457
   182      889
   182      735
   183      299
   183      302
   183      333
   183      978
   183      309
   183      953
   184      871
   184      803
   184      891
   185      869
   185      521
   185      746
   185      527
   185      211
   185      694
   185      410
   185      478
   186      672
   186      427
   186      454
   186      935
   186      233
   186      780
   186      265
   186      989
   186      211
   186      566
   186      279
   186      316
   186      765
   187      612
   187      296
   187      654
   187      335
   187      599
   187      251
   187      220
   187      605
   187      223
   188      808
   188      810
   188      973
   188      746
   188      756
   188      969
   188      952
   188      507
   188      381
   189      710
   189      202
   189      792
   189      884
   189      666
   190      992
   190      644
   190      297
   190      941
   190      725
   190      727
   190      664
   190      575
   190      476
   190      381
   190      255
   191      384
   191      385
   191      868
   191      571
   191      615
   191      243
   191      884
   191      918
   191      249
   191      219
   191      893
   192      770
   192      529
   192      874
   192      651
   192      978
   192      657
   192      530
   192      532
   192      590
   192      984
   192      283
   192      444
   192      766
   193      320
   193      233
   193      492
   193      701
   193      722
   193      915
   193      953
   193      891
   193      988
   194      833
   194      804
   194      552
   194      905
   194      554
   194      907
   194      466
   194      341
   194      201
   194      956
   194      277
   195      610
   195      772
   195      520
   195      362
   195      491
   195      940
   195      974
   195      818
   195      531
   195      730
   195      382
   195      607
   196      554
   196      946
   196      691
   196      311
   196      575
   197      676
   197      615
   197      232
   197      298
   197      308
   197      894
   197      734
   198      265
   198      727
   198      849
   198      809
   198      671
   199      258
   199      831
   199      585
   199      202
   199      651
   199      879
   199      882
   199      283
   199      541
   199      319
   200      736
   200      272
   200      896
   200      503
   200      458
   200      588
   200      944
   200      401
   200      308
   200      406
   200      311
   200      641
   201      710
   201      295
   201      936
   201      750
   201      763
   202      623
   202      636
   203      774
   203      300
   203      791
   203      780
   203      563
   203      436
   203      471
   203      984
   203      916
   203      315
   203      767
   204      770
   204      520
   204      765
   204      688
   204      307
   204      501
   204      343
   204      792
   204      605
   204      702
   204      607
   205      582
   205      328
   205      265
   205      460
   205      559
   205      433
   205      794
   205      956
   205      511
   206      955
   206      644
   206      870
   206      939
   206      300
   206      795
   206      476
   206      239
   206      894
   207      914
   207      603
   207      772
   207      602
   208      229
   208      646
   208      743
   208      904
   208      265
   208      906
   208      498
   208      489
   208      639
   209      678
   209      265
   209      300
   209      493
   209      559
   209      409
   209      954
   209      765
   209      863
   210      740
   210      583
   210      877
   210      557
   210      849
   210      433
   210      828
   211      868
   211      634
   211      395
   211      462
   211      644
   211      414
   211      408
   211      826
   211      638
   211      543
   212      352
   212      751
   212      722
   212      218
   212      219
   212      250
   213      257
   213      802
   213      995
   213      998
   213      620
   213      302
   213      688
   213      782
   213      951
   214      731
   214      869
   214      295
   214      461
   214      654
   214      718
   214      347
   214      509
   214      447
   215      323
   215      518
   215      263
   215      994
   215      630
   216      844
   216      977
   216      791
   217      804
   217      807
   217      649
   217      440
   217      310
   217      632
   217      890
   217      415
   218      515
   218      667
   218      741
   218      744
   218      786
   218      740
   218      571
   218      636
   218      543
   219      481
   219      454
   219      265
   219      738
   219      690
   219      373
   219      251
   220      515
   220      942
   220      623
   220      240
   220      860
   221      312
   221      529
   221      459
   221      357
   221      733
   222      289
   222      838
   222      641
   222      264
   222      554
   222      878
   222      703
   223      353
   223      806
   223      817
   223      523
   223      303
   223      305
   223      931
   223      598
   223      762
   223      987
   224      704
   224      472
   224      389
   224      911
   224      401
   224      882
   224      950
   224      984
   224      282
   224      559
   224      798
   224      357
   225      450
   225      941
   225      605
   226      384
   226      545
   226      707
   226      999
   226      392
   226      425
   226      363
   226      815
   226      565
   226      311
   226      730
   226      860
   226      509
   226      469
   227      614
   227      326
   227      489
   227      427
   227      334
   227      946
   227      499
   227      374
   227      824
   227      409
   228      555
   228      391
   228      683
   228      240
   228      821
   228      790
   229      609
   229      421
   229      422
   229      737
   229      744
   229      681
   229      298
   229      382
   230      705
   230      359
   230      684
   230      886
   230      905
   230      868
   230      475
   231      800
   231      321
   231      486
   231      385
   231      680
   231      592
   231      894
   231      374
   231      763
   231      573
   231      798
   232      832
   232      801
   232      450
   232      995
   232      421
   232      518
   232      487
   232      526
   232      272
   232      595
   232      788
   232      670
   232      728
   232      282
   232      700
   232      637
   232      990
   233      288
   233      960
   233      832
   233      807
   233      769
   233      846
   233      463
   233      535
   233      348
   233      602
   234      610
   234      835
   234      359
   234      386
   234      687
   234      372
   234      797
   234      881
   235      514
   235      972
   235      334
   235      369
   235      594
   235      310
   235      638
   236      480
   236      930
   236      939
   236      309
   236      569
   236      765
   237      902
   237      711
   237      591
   237      247
   237      687
   238      864
   238      548
   238      590
   238      307
   238      278
   238      644
   238      410
   238      893
   238      734
   239      358
   239      651
   239      558
   239      688
   239      925
   239      894
   240      513
   240      802
   240      379
   240      840
   240      850
   240      433
   240      947
   240      533
   240      409
   240      602
   240      699
   240      573
   240      799
   241      937
   241      331
   241      431
   241      273
   241      636
   241      701
   242      352
   242      387
   242      872
   242      279
   242      910
   242      977
   242      596
   242      983
   242      244
   243      849
   243      739
   243      637
   244      644
   244      517
   244      522
   244      878
   244      726
   244      575
   245      802
   245      394
   245      651
   245      524
   245      371
   245      762
   245      314
   246      450
   246      331
   246      715
   246      802
   246      398
   246      495
   246      989
   247      416
   247      330
   247      715
   247      816
   247      853
   247      343
   247      733
   247      990
   248      929
   248      699
   248      868
   248      553
   248      298
   248      772
   248      500
   248      342
   248      900
   248      411
   249      420
   249      581
   249      294
   249      743
   249      909
   249      688
   249      434
   249      275
   249      399
   249      920
   249      345
   249      506
   249      379
   250      938
   250      459
   250      839
   251      347
   251      452
   251      616
   251      586
   251      899
   251      690
   251      467
   251      663
   251      729
   251      380
   251      443
   252      512
   252      640
   252      712
   252      784
   252      446
   252      528
   252      407
   252      409
   252      414
   253      608
   253      836
   253      711
   253      941
   253      494
   253      911
   253      946
   253      420
   254      613
   254      662
   254      809
   254      266
   254      396
   254      342
   254      985
   254      697
   255      647
   255      284
   255      944
   255      569
   255      764
   255      415
   256      673
   256      708
   256      820
   256      831
   257      578
   257      581
   257      967
   257      890
   257      301
   257      787
   257      858
   258      674
   258      579
   258      708
   258      654
   258      592
   258      373
   258      311
   258      536
   258      569
   259      840
   259      910
   259      751
   259      630
   259      796
   260      384
   260      387
   260      868
   260      649
   260      718
   260      436
   260      393
   260      575
   260      699
   260      604
   260      831
   261      772
   261      648
   261      426
   261      397
   261      912
   261      599
   261      663
   261      863
   262      836
   262      393
   262      598
   262      382
   263      609
   263      969
   263      784
   263      659
   263      603
   263      767
   264      608
   264      772
   264      897
   264      430
   264      959
   265      416
   265      578
   265      514
   265      622
   265      503
   265      356
   265      991
   266      673
   266      451
   266      808
   266      395
   266      430
   266      712
   266      914
   266      350
   266      789
   266      951
   266      988
   267      674
   267      423
   267      393
   267      889
   267      273
   267      756
   267      985
   267      794
   267      669
   268      420
   268      295
   268      393
   268      469
   268      407
   268      409
   268      859
   268      893
   269      641
   269      579
   269      359
   269      619
   269      653
   269      335
   269      771
   269      793
   269      637
   270      769
   270      341
   270      536
   270      508
   270      405
   271      416
   271      449
   271      323
   271      488
   271      777
   271      590
   271      936
   271      789
   271      407
   271      760
   271      669
   271      383
   272      608
   272      324
   272      840
   272      522
   272      940
   272      592
   272      310
   272      890
   273      705
   273      356
   273      577
   273      557
   273      353
   273      999
   273      698
   273      893
   273      415
   274      963
   274      885
   274      623
   275      291
   275      970
   275      494
   275      468
   275      282
   275      827
   275      511
   276      292
   276      745
   276      782
   276      690
   276      756
   276      734
   277      548
   277      584
   277      366
   277      851
   277      341
   277      630
   277      314
   278      961
   278      539
   278      883
   278      428
   278      592
   278      691
   278      669
   278      670
   278      991
   279      768
   279      487
   279      860
   279      554
   279      876
   279      301
   279      399
   279      697
   279      572
   280      737
   280      835
   280      419
   280      559
   280      432
   280      435
   280      567
   280      632
   280      830
   281      453
   281      773
   281      566
   281      751
   282      291
   282      775
   282      776
   282      647
   282      652
   282      743
   282      424
   282      707
   282      470
   282      957
   283      711
   283      973
   283      513
   283      967
   283      444
   284      578
   284      388
   284      499
   284      500
   284      502
   284      665
   284      571
   285      706
   285      860
   285      669
   285      767
   286      900
   286      360
   286      585
   286      365
   286      533
   286      345
   286      955
   287      610
   287      420
   287      882
   287      786
   287      951
   287      914
   288      726
   288      743
   288      909
   288      397
   288      464
   288      598
   288      375
   288      797
   289      726
   289      712
   289      875
   289      526
   289      303
   289      370
   289      820
   289      446
   289      791
   290      715
   290      711
   290      970
   290      587
   290      622
   290      656
   290      807
   290      338
   290      531
   290      892
   291      646
   291      555
   291      460
   291      365
   291      776
   291      660
   292      869
   293      426
   293      684
   293      594
   293      499
   293      437
   293      888
   293      859
   294      544
   294      641
   294      324
   294      588
   294      472
   294      411
   295      336
   295      963
   295      406
   295      780
   295      656
   295      850
   295      980
   295      854
   295      443
   296      352
   296      451
   296      836
   296      813
   296      722
   296      980
   296      565
   296      772
   296      889
   296      410
   296      863
   297      810
   297      437
   297      535
   297      925
   297      629
   298      736
   298      547
   298      435
   298      784
   298      594
   298      947
   298      853
   298      983
   298      699
   298      924
   299      832
   299      544
   299      617
   299      620
   299      877
   299      496
   299      378
   299      704
   300      828
   300      495
   300      822
   300      572
   300      318
   301      388
   301      486
   301      438
   301      408
   302      784
   302      338
   302      308
   303      708
   303      806
   303      431
   303      739
   303      726
   303      639
   304      417
   304      961
   304      811
   304      759
   305      866
   305      771
   305      774
   305      550
   305      372
   305      463
   305      593
   305      674
   305      631
   306      993
   306      709
   306      710
   306      492
   306      629
   306      378
   306      765
   307      769
   307      393
   307      938
   307      679
   307      818
   307      945
   307      498
   307      371
   307      787
   307      409
   307      893
   308      417
   308      579
   308      908
   308      476
   308      702
   309      320
   309      811
   309      406
   309      518
   309      887
   309      878
   309      660
   309      782
   309      534
   309      441
   310      865
   310      711
   310      535
   310      913
   310      439
   310      798
   311      993
   311      521
   311      808
   311      915
   311      445
   311      831
   312      355
   312      848
   312      629
   312      376
   312      574
   313      331
   313      687
   313      562
   313      635
   314      608
   314      386
   314      451
   314      741
   314      456
   314      536
   314      987
   314      958
   315      802
   315      681
   315      816
   315      348
   316      644
   316      838
   316      662
   316      923
   317      610
   317      745
   317      910
   317      402
   317      373
   317      406
   317      951
   317      537
   317      956
   318      513
   318      418
   318      515
   318      644
   318      342
   318      745
   318      591
   318      931
   318      905
   318      862
   319      539
   319      391
   319      798
   319      622
   320      848
   320      364
   320      536
   320      634
   320      508
   321      880
   321      688
   321      979
   321      378
   322      742
   322      589
   322      501
   322      985
   322      764
   323      932
   323      458
   323      722
   323      885
   323      376
   323      708
   323      603
   323      668
   324      355
   324      950
   324      827
   324      874
   324      332
   324      693
   324      662
   324      452
   324      703
   324      988
   324      798
   324      991
   325      801
   325      942
   325      725
   325      822
   325      407
   326      524
   327      450
   327      740
   327      837
   327      624
   327      562
   327      563
   327      708
   327      762
   327      826
   327      542
   328      768
   328      450
   328      556
   328      398
   328      816
   328      561
   328      823
   328      764
   329      880
   329      642
   329      573
   329      870
   329      599
   330      448
   330      847
   330      753
   330      659
   330      404
   330      469
   330      471
   331      673
   331      361
   331      490
   331      493
   331      751
   331      784
   331      777
   331      376
   331      540
   332      834
   332      555
   332      477
   332      830
   333      803
   333      631
   333      783
   333      808
   333      598
   333      495
   334      781
   335      930
   335      868
   335      619
   335      990
   335      378
   335      411
   335      797
   335      958
   336      992
   336      482
   336      709
   336      589
   336      595
   336      918
   336      952
   336      988
   336      509
   336      517
   337      704
   337      706
   337      846
   337      944
   337      945
   337      702
   338      675
   338      933
   338      948
   338      632
   339      352
   339      672
   339      582
   339      780
   339      683
   339      620
   339      531
   339      465
   339      723
   339      585
   339      761
   339      505
   339      915
   340      815
   340      394
   340      399
   340      564
   340      341
   340      443
   341      352
   341      928
   341      643
   341      532
   341      407
   341      543
   342      804
   342      878
   342      366
   342      912
   342      601
   342      794
   342      686
   343      642
   343      746
   343      947
   343      755
   343      927
   344      865
   344      997
   344      993
   344      598
   344      792
   344      441
   344      540
   345      929
   345      897
   345      616
   345      914
   345      642
   345      822
   345      668
   346      460
   346      702
   346      382
   346      434
   347      547
   347      713
   347      842
   347      887
   347      686
   347      626
   348      814
   348      975
   349      993
   349      891
   349      542
   350      386
   350      803
   350      584
   350      492
   350      498
   350      625
   351      837
   351      358
   351      551
   351      418
   351      686
   352      462
   352      602
   352      959
   352      511
   353      807
   353      908
   353      655
   353      467
   353      761
   353      833
   354      963
   354      876
   354      971
   354      748
   354      465
   354      722
   354      739
   354      590
   354      777
   355      993
   355      642
   355      419
   355      710
   355      647
   355      653
   355      559
   355      632
   355      661
   355      399
   356      528
   356      930
   356      873
   356      670
   356      472
   356      857
   356      923
   356      752
   357      641
   357      715
   357      524
   357      398
   357      694
   357      536
   358      783
   358      987
   358      967
   358      679
   358      755
   358      916
   358      565
   358      502
   358      857
   358      634
   358      635
   359      451
   359      773
   359      937
   359      907
   359      654
   359      659
   359      596
   359      852
   359      698
   360      962
   360      741
   360      817
   360      466
   360      887
   360      667
   361      865
   361      547
   361      676
   361      947
   361      728
   361      507
   361      540
   362      736
   362      967
   362      752
   362      498
   362      692
   362      599
   362      796
   363      449
   363      444
   363      671
   364      390
   364      656
   364      532
   364      702
   364      374
   364      669
   365      520
   365      840
   365      649
   365      615
   365      497
   365      402
   365      701
   366      901
   366      646
   366      871
   366      745
   366      848
   366      883
   366      606
   367      962
   367      880
   367      694
   367      983
   368      576
   368      487
   368      689
   368      850
   368      600
   369      704
   369      656
   369      597
   370      873
   370      751
   370      848
   370      497
   370      818
   370      595
   370      855
   370      953
   371      483
   371      382
   371      990
   372      645
   372      935
   372      777
   372      618
   372      649
   372      697
   372      635
   372      575
   373      903
   373      461
   373      531
   373      787
   373      952
   373      979
   374      416
   374      652
   374      844
   374      526
   374      695
   374      921
   374      571
   374      381
   375      879
   375      504
   375      948
   375      566
   375      696
   375      634
   375      892
   376      674
   376      613
   376      646
   376      583
   376      719
   376      619
   376      628
   376      533
   376      665
   376      603
   377      802
   377      742
   377      583
   377      438
   377      696
   378      833
   378      457
   378      567
   378      716
   378      781
   378      630
   378      439
   378      477
   379      452
   379      841
   379      906
   379      909
   379      913
   379      660
   379      991
   380      962
   380      676
   380      710
   380      514
   380      814
   380      667
   380      892
   381      950
   381      710
   381      444
   381      493
   381      879
   381      496
   381      728
   381      693
   381      568
   381      901
   381      895
   381      671
   382      865
   382      828
   382      946
   382      566
   382      412
   382      926
   383      705
   383      548
   383      741
   383      902
   383      462
   383      785
   383      882
   383      933
   383      826
   384      651
   384      910
   384      530
   384      730
   384      956
   385      646
   385      457
   385      847
   385      563
   385      851
   385      854
   385      959
   386      675
   386      894
   386      936
   386      849
   386      853
   386      888
   386      949
   387      867
   387      644
   387      456
   387      620
   387      661
   387      479
   387      953
   387      891
   387      861
   387      991
   388      737
   388      706
   388      675
   388      586
   388      451
   388      500
   388      697
   388      570
   388      411
   388      735
   388      543
   389      643
   389      491
   389      690
   389      463
   389      819
   389      794
   389      860
   389      637
   389      437
   390      993
   390      933
   390      807
   390      554
   390      711
   390      438
   391      798
   391      614
   391      518
   391      972
   391      757
   391      760
   392      406
   392      458
   392      686
   392      789
   392      918
   392      625
   392      558
   392      540
   392      414
   393      776
   393      553
   393      719
   393      988
   393      894
   394      449
   394      944
   394      977
   394      469
   395      406
   395      919
   395      687
   395      631
   396      737
   396      611
   396      634
   396      646
   396      977
   396      694
   396      858
   396      988
   396      799
   397      928
   397      675
   397      848
   397      752
   397      739
   397      759
   397      985
   397      446
   398      738
   398      667
   398      619
   398      882
   398      601
   398      837
   399      651
   399      718
   399      697
   399      570
   400      556
   400      783
   400      863
   400      735
   401      565
   401      710
   401      998
   401      906
   401      620
   401      717
   401      714
   401      830
   401      447
   402      612
   402      709
   402      809
   402      970
   402      566
   402      471
   402      956
   403      875
   403      806
   403      841
   403      907
   403      656
   403      503
   403      956
   404      454
   404      620
   404      977
   404      883
   404      470
   404      831
   405      962
   405      806
   405      589
   405      945
   405      954
   405      989
   406      994
   406      548
   406      616
   406      843
   406      962
   406      851
   406      670
   406      959
   407      902
   407      948
   407      885
   407      922
   408      420
   408      839
   408      972
   408      750
   408      595
   408      885
   408      505
   409      667
   409      424
   409      844
   409      810
   409      622
   409      660
   409      691
   409      598
   409      473
   409      602
   410      707
   410      644
   410      423
   410      583
   410      834
   410      559
   410      775
   410      658
   410      662
   410      668
   411      448
   411      609
   411      997
   411      553
   411      501
   411      654
   411      597
   411      538
   411      832
   412      515
   412      708
   412      489
   412      498
   413      579
   413      588
   413      428
   413      786
   413      853
   413      986
   413      732
   414      513
   414      679
   414      951
   414      858
   415      742
   415      870
   415      939
   415      595
   416      512
   416      934
   416      722
   416      703
   417      516
   417      616
   417      682
   417      779
   417      814
   417      559
   417      561
   417      798
   418      864
   418      838
   418      652
   418      764
   419      929
   419      612
   419      650
   419      811
   419      496
   419      822
   419      507
   419      860
   419      752
   419      799
   420      578
   420      489
   420      600
   420      573
   420      766
   421      617
   421      650
   421      974
   421      466
   421      599
   423      931
   423      619
   423      497
   423      820
   423      891
   423      798
   424      560
   424      853
   425      866
   425      985
   425      890
   426      932
   426      790
   426      506
   426      605
   427      708
   427      435
   427      755
   427      761
   427      575
   428      768
   428      875
   428      588
   428      436
   428      600
   428      446
   429      673
   429      978
   429      598
   429      478
   429      517
   430      432
   430      566
   431      672
   431      816
   431      515
   431      934
   431      841
   431      560
   431      579
   431      963
   431      730
   431      891
   432      514
   432      900
   432      874
   432      719
   432      881
   432      495
   432      572
   433      800
   433      548
   433      550
   433      648
   433      587
   433      942
   433      498
   433      790
   433      441
   433      857
   433      860
   434      461
   434      781
   434      687
   434      797
   435      931
   435      613
   435      936
   435      458
   435      906
   435      691
   435      980
   436      438
   436      764
   436      686
   436      979
   436      567
   436      572
   437      835
   437      872
   437      693
   437      639
   437      863
   438      899
   438      977
   438      850
   438      915
   438      917
   438      954
   439      842
   439      619
   439      559
   439      535
   439      955
   439      732
   439      957
   439      510
   440      993
   440      485
   440      808
   440      636
   440      458
   440      876
   440      790
   440      855
   440      924
   441      740
   441      785
   441      488
   441      600
   441      555
   441      744
   441      562
   441      635
   442      640
   442      596
   442      447
   442      861
   443      864
   443      515
   443      516
   443      966
   443      916
   443      724
   443      634
   443      731
   443      799
   444      580
   444      871
   444      972
   444      652
   444      494
   444      533
   444      727
   444      460
   445      993
   445      743
   445      823
   445      657
   445      468
   445      603
   446      710
   446      801
   446      458
   446      691
   446      757
   446      631
   447      866
   447      491
   447      695
   447      959
   448      480
   448      580
   448      485
   448      944
   448      561
   448      662
   448      729
   448      734
   449      717
   449      879
   449      624
   449      657
   449      826
   449      508
   450      488
   450      521
   450      458
   450      524
   450      461
   450      720
   450      921
   450      492
   450      607
   451      901
   451      966
   451      950
   451      702
   452      848
   452      699
   452      580
   452      809
   452      810
   452      793
   452      540
   453      908
   453      974
   453      792
   453      634
   454      674
   454      592
   455      967
   455      746
   455      715
   455      565
   455      471
   455      925
   456      513
   456      675
   456      996
   456      588
   456      701
   456      606
   457      821
   457      485
   458      608
   458      560
   458      996
   458      839
   458      552
   458      945
   458      563
   458      542
   458      829
   458      670
   458      848
   459      896
   459      930
   459      666
   459      845
   459      462
   459      525
   459      533
   459      987
   460      960
   460      834
   460      773
   460      470
   460      761
   460      634
   460      607
   461      976
   461      483
   461      774
   461      870
   461      743
   461      935
   461      629
   461      783
   462      676
   462      806
   462      871
   462      654
   462      720
   462      532
   462      533
   462      955
   462      990
   463      814
   463      677
   464      673
   464      492
   464      721
   464      819
   464      660
   464      569
   464      637
   465      800
   465      865
   465      611
   466      512
   466      833
   466      550
   466      698
   466      809
   466      823
   466      473
   466      794
   466      922
   467      864
   467      751
   467      657
   467      757
   467      694
   467      602
   467      890
   467      766
   468      514
   468      745
   468      683
   468      780
   468      815
   469      900
   469      878
   469      815
   469      723
   469      740
   469      954
   469      476
   470      838
   470      624
   470      657
   470      722
   470      915
   470      792
   471      737
   471      683
   471      812
   471      786
   471      822
   471      703
   471      907
   472      705
   472      940
   473      963
   473      505
   474      770
   474      868
   474      521
   474      658
   474      725
   474      631
   474      698
   475      559
   476      837
   476      806
   476      536
   476      564
   476      542
   477      659
   477      597
   477      758
   477      951
   477      922
   478      879
   478      628
   478      755
   478      635
   479      642
   479      516
   479      741
   479      846
   479      630
   479      985
   479      581
   480      537
   480      566
   481      482
   481      907
   481      973
   481      814
   481      884
   481      954
   481      826
   482      532
   483      644
   483      786
   483      883
   484      529
   484      943
   484      710
   484      769
   485      556
   485      749
   485      884
   485      565
   485      661
   485      649
   485      952
   485      799
   486      641
   486      645
   486      847
   486      820
   486      574
   487      929
   487      779
   487      660
   487      638
   487      541
   487      766
   488      783
   488      670
   489      528
   489      706
   489      679
   489      495
   489      868
   490      750
   491      520
   491      914
   491      622
   491      658
   491      853
   491      664
   491      574
   492      708
   492      845
   492      638
   492      503
   492      511
   492      895
   493      715
   493      908
   493      568
   494      928
   494      929
   494      621
   494      975
   495      963
   495      854
   495      906
   495      563
   495      558
   495      952
   496      930
   496      998
   496      550
   496      553
   496      554
   496      750
   496      984
   497      998
   497      839
   497      653
   497      692
   497      985
   498      801
   498      642
   498      708
   498      587
   498      941
   498      590
   498      789
   498      855
   498      763
   498      970
   498      895
   499      578
   499      599
   499      568
   499      570
   499      826
   500      708
   500      797
   500      816
   500      637
   501      822
   501      781
   501      974
   501      562
   501      819
   501      534
   501      892
   502      864
   502      774
   502      807
   502      744
   502      665
   503      620
   503      866
   503      551
   503      970
   503      750
   503      505
   503      972
   504      771
   504      740
   504      686
   504      563
   504      564
   504      700
   505      964
   505      693
   506      864
   506      736
   506      843
   506      588
   506      942
   506      849
   506      946
   507      707
   507      629
   507      568
   507      708
   508      770
   508      871
   508      978
   508      627
   508      889
   508      865
   509      985
   509      634
   509      988
   510      705
   510      707
   510      712
   510      809
   510      819
   510      888
   510      895
   511      851
   511      826
   511      730
   512      822
   512      957
   512      607
   513      896
   513      766
   513      742
   513      651
   513      852
   514      742
   514      582
   515      880
   515      929
   515      926
   516      987
   516      933
   516      731
   516      718
   516      719
   516      660
   516      949
   516      699
   517      993
   517      930
   517      839
   517      843
   517      918
   517      599
   517      923
   518      800
   518      777
   518      876
   518      525
   518      909
   518      700
   519      719
   519      884
   519      725
   519      986
   519      570
   520      545
   520      880
   520      628
   520      719
   520      831
   521      673
   521      612
   521      715
   521      958
   521      654
   521      530
   521      533
   521      951
   521      955
   521      572
   521      894
   522      962
   523      833
   523      814
   523      530
   523      852
   524      559
   524      530
   525      843
   525      784
   525      882
   525      900
   525      958
   526      897
   526      801
   526      909
   526      878
   526      562
   526      669
   526      863
   527      896
   527      904
   527      552
   527      538
   527      827
   528      640
   528      897
   528      683
   528      784
   528      803
   528      757
   528      956
   529      869
   529      588
   529      781
   529      878
   529      656
   529      722
   529      804
   530      643
   530      713
   530      945
   530      568
   530      537
   531      640
   531      906
   531      707
   531      736
   531      734
   531      639
   532      876
   532      786
   532      590
   533      892
   534      626
   534      606
   535      983
   535      601
   535      796
   536      906
   536      601
   537      928
   537      714
   537      654
   537      949
   538      645
   538      780
   538      853
   539      587
   539      931
   539      678
   539      759
   539      590
   539      978
   539      951
   539      731
   539      797
   539      574
   540      963
   540      653
   540      633
   540      793
   540      906
   541      928
   541      673
   541      772
   541      937
   541      972
   542      553
   542      621
   542      590
   542      624
   542      754
   542      693
   542      694
   543      612
   543      550
   543      710
   543      553
   543      591
   543      912
   543      856
   543      893
   543      789
   544      968
   544      811
   544      781
   545      901
   545      749
   545      563
   545      924
   545      613
   546      577
   546      685
   546      686
   546      910
   547      677
   547      714
   547      942
   547      786
   547      814
   547      991
   548      982
   548      628
   548      985
   549      779
   549      791
   549      848
   549      771
   549      887
   549      923
   549      732
   550      752
   550      643
   550      822
   550      824
   550      894
   551      747
   551      679
   551      969
   551      711
   551      811
   551      952
   552      642
   552      976
   552      689
   552      955
   552      639
   553      965
   553      998
   553      605
   554      905
   554      970
   554      747
   555      994
   555      841
   556      729
   557      674
   557      995
   558      966
   558      743
   558      876
   558      918
   558      959
   559      932
   559      648
   559      662
   560      640
   560      779
   560      970
   561      676
   561      948
   561      632
   562      805
   562      616
   562      919
   562      855
   562      949
   562      854
   562      927
   563      930
   563      860
   563      745
   563      594
   563      598
   563      764
   563      655
   564      771
   564      775
   564      937
   564      685
   564      916
   564      861
   565      785
   565      759
   566      711
   566      650
   566      917
   567      708
   567      907
   567      588
   567      975
   567      784
   567      886
   568      584
   569      716
   569      998
   569      583
   569      990
   569      585
   569      946
   569      917
   569      858
   569      734
   570      914
   570      787
   570      591
   570      606
   571      585
   571      956
   571      607
   572      839
   572      596
   572      698
   573      692
   574      739
   574      651
   574      583
   574      649
   574      658
   574      821
   575      964
   575      745
   575      720
   575      786
   575      852
   575      634
   576      720
   576      611
   576      782
   576      604
   576      797
   576      767
   577      654
   577      655
   577      850
   578      804
   578      859
   578      988
   579      801
   579      971
   579      632
   579      634
   579      731
   579      956
   580      672
   580      646
   580      977
   580      595
   580      757
   580      923
   581      870
   581      614
   581      877
   581      911
   582      673
   582      848
   582      630
   582      632
   582      667
   583      742
   583      589
   583      717
   584      614
   585      965
   585      713
   585      656
   585      936
   585      926
   585      831
   586      720
   586      643
   586      614
   586      936
   586      912
   586      849
   586      919
   586      604
   587      743
   587      814
   588      651
   588      779
   588      748
   588      876
   588      980
   589      676
   589      716
   589      623
   589      657
   589      595
   589      706
   590      960
   590      963
   590      713
   590      944
   590      854
   590      777
   590      924
   591      961
   591      919
   592      951
   592      946
   592      818
   592      953
   593      750
   593      655
   594      674
   594      611
   594      871
   594      720
   594      913
   594      662
   594      607
   595      976
   595      815
   595      753
   595      921
   595      699
   596      928
   596      608
   596      962
   596      933
   596      973
   596      630
   596      901
   597      869
   597      902
   597      856
   597      933
   598      753
   599      706
   599      991
   600      640
   600      613
   600      653
   600      846
   601      904
   601      653
   601      890
   602      863
   603      615
   603      905
   603      803
   603      967
   603      763
   603      671
   604      642
   604      612
   604      876
   604      674
   604      669
   604      927
   605      616
   605      653
   605      750
   606      806
   606      844
   606      764
   607      800
   607      777
   607      751
   607      937
   607      858
   608      913
   608      654
   608      918
   608      919
   609      928
   609      811
   609      654
   609      787
   609      664
   610      743
   610      972
   610      655
   612      801
   612      996
   612      741
   612      806
   612      825
   613      815
   613      982
   614      996
   614      965
   615      906
   615      686
   615      894
   616      641
   616      820
   617      832
   617      692
   619      833
   619      995
   619      876
   619      621
   619      985
   620      806
   620      756
   620      637
   621      973
   621      719
   621      887
   622      962
   622      775
   623      665
   623      860
   623      939
   623      908
   623      855
   623      985
   624      645
   624      744
   624      967
   624      794
   624      865
   624      965
   625      726
   625      714
   625      851
   625      630
   626      941
   626      739
   627      956
   627      808
   628      891
   629      737
   629      897
   629      691
   630      859
   630      815
   630      976
   630      863
   631      993
   631      818
   632      966
   632      819
   633      837
   633      799
   634      653
   634      817
   635      960
   635      771
   635      938
   635      818
   635      836
   635      700
   635      637
   636      774
   637      847
   637      702
   637      741
   638      843
   638      644
   638      805
   638      814
   638      849
   638      756
   638      884
   638      955
   639      738
   639      805
   639      777
   639      978
   639      891
   640      768
   640      843
   640      729
   642      650
   642      685
   642      974
   642      717
   642      759
   642      952
   643      706
   643      708
   643      717
   643      729
   643      825
   644      828
   644      714
   644      877
   644      659
   644      762
   644      732
   645      768
   645      822
   645      871
   645      905
   645      819
   645      917
   645      918
   645      681
   646      808
   646      922
   647      901
   648      836
   648      652
   648      730
   649      934
   649      720
   649      721
   650      769
   650      813
   650      662
   650      784
   650      886
   650      795
   650      861
   651      870
   651      815
   651      698
   651      701
   652      676
   652      895
   653      868
   653      775
   653      681
   653      683
   653      824
   653      978
   653      729
   653      920
   654      829
   655      844
   656      937
   656      842
   656      898
   656      792
   656      764
   658      867
   658      967
   658      887
   658      762
   659      928
   659      879
   659      726
   659      759
   660      908
   660      820
   660      666
   661      879
   661      918
   662      923
   662      934
   662      681
   663      768
   663      801
   663      900
   663      769
   663      887
   664      835
   664      719
   664      976
   665      726
   665      727
   666      977
   666      855
   666      857
   667      708
   667      908
   667      847
   667      823
   667      795
   667      890
   668      804
   668      904
   668      944
   669      773
   669      812
   669      941
   669      690
   669      986
   670      963
   670      837
   670      680
   670      809
   670      830
   670      932
   670      702
   671      891
   671      958
   673      849
   673      793
   674      700
   674      868
   674      777
   674      909
   674      951
   674      991
   675      929
   675      997
   675      903
   675      816
   675      794
   675      720
   676      830
   676      879
   676      701
   676      958
   677      682
   678      741
   678      777
   678      915
   678      757
   678      857
   678      795
   678      702
   679      782
   680      928
   680      775
   680      945
   680      754
   680      696
   680      826
   681      896
   681      932
   681      886
   681      922
   682      757
   682      793
   683      806
   684      950
   684      967
   685      898
   685      716
   685      977
   686      984
   686      790
   686      792
   687      715
   687      904
   687      978
   688      971
   688      947
   688      798
   689      770
   689      696
   690      940
   691      769
   691      970
   691      942
   691      946
   691      708
   691      821
   691      927
   692      891
   692      778
   693      929
   693      933
   693      942
   693      784
   693      914
   693      894
   693      981
   694      990
   694      971
   694      725
   694      805
   695      983
   696      772
   696      907
   696      948
   697      802
   697      782
   700      866
   700      868
   700      935
   700      743
   700      725
   700      735
   701      816
   701      953
   702      872
   702      863
   702      735
   703      967
   703      956
   704      825
   704      927
   706      909
   706      756
   706      730
   706      731
   707      936
   707      876
   707      799
   708      994
   708      873
   709      864
   709      745
   709      733
   710      909
   710      927
   711      891
   711      998
   711      967
   711      784
   712      996
   712      958
   713      992
   713      904
   713      973
   713      758
   713      796
   714      970
   714      910
   714      885
   716      993
   716      962
   716      949
   716      887
   716      735
   717      836
   717      932
   717      986
   718      769
   718      828
   719      768
   719      770
   719      963
   719      879
   719      890
   719      860
   719      862
   720      744
   720      909
   720      821
   720      894
   721      928
   721      871
   721      751
   721      753
   721      723
   722      762
   722      925
   723      771
   723      914
   723      732
   725      918
   726      897
   726      730
   727      847
   727      893
   728      879
   728      792
   729      879
   729      963
   730      898
   730      881
   730      831
   731      810
   731      971
   731      948
   731      954
   731      959
   732      933
   733      749
   733      827
   733      892
   734      931
   734      938
   734      779
   734      889
   734      855
   734      771
   734      890
   735      738
   735      872
   736      811
   737      833
   737      951
   737      785
   737      772
   738      968
   738      918
   738      916
   739      838
   740      898
   740      971
   740      894
   741      839
   742      825
   743      771
   743      810
   743      953
   744      881
   745      907
   745      828
   746      780
   746      927
   747      928
   747      998
   747      942
   747      763
   748      931
   748      839
   748      907
   748      828
   748      991
   750      866
   750      963
   750      935
   750      860
   751      834
   751      956
   752      866
   752      806
   752      859
   753      841
   753      786
   754      800
   754      802
   754      995
   754      964
   755      832
   755      800
   756      907
   756      761
   757      834
   757      874
   758      872
   758      881
   758      958
   759      945
   760      917
   761      845
   761      919
   761      858
   762      804
   762      937
   762      781
   762      950
   762      819
   762      990
   763      901
   763      913
   763      796
   763      765
   764      900
   764      809
   764      910
   764      952
   766      881
   766      797
   767      914
   768      806
   769      865
   769      993
   769      939
   770      982
   770      858
   771      799
   772      895
   772      827
   772      799
   773      919
   773      927
   774      835
   774      996
   774      982
   774      811
   774      820
   775      893
   775      815
   777      899
   777      900
   777      805
   777      844
   777      885
   779      993
   779      868
   779      894
   780      895
   781      877
   781      986
   781      857
   782      998
   782      919
   783      805
   783      885
   784      834
   784      937
   784      946
   785      938
   785      976
   785      925
   786      834
   787      975
   788      961
   788      826
   788      902
   788      855
   789      959
   791      914
   791      882
   792      932
   792      853
   792      848
   794      872
   795      965
   795      848
   795      888
   795      923
   797      932
   797      841
   797      910
   798      896
   799      980
   799      905
   801      913
   801      845
   801      805
   802      937
   802      882
   802      873
   803      955
   803      804
   803      841
   804      935
   804      849
   805      855
   805      891
   805      956
   806      837
   806      912
   808      954
   809      929
   809      930
   809      912
   809      980
   810      864
   810      843
   811      989
   811      958
   812      905
   812      843
   812      955
   813      955
   813      978
   814      847
   814      821
   817      868
   817      871
   818      902
   819      902
   819      876
   820      940
   820      924
   822      865
   822      968
   823      973
   823      826
   824      962
   824      843
   825      939
   825      843
   825      890
   826      905
   827      864
   827      933
   827      968
   827      918
   828      938
   828      939
   828      846
   829      878
   830      847
   830      987
   831      913
   832      929
   832      935
   832      846
   834      848
   834      888
   834      959
   835      965
   835      999
   835      947
   836      874
   836      975
   839      952
   840      901
   840      973
   840      953
   840      889
   841      906
   841      883
   842      944
   842      962
   842      890
   845      942
   846      868
   848      935
   850      899
   850      876
   850      943
   850      882
   850      952
   852      974
   852      978
   853      903
   856      932
   856      882
   858      969
   858      863
   859      939
   859      987
   861      930
   861      982
   862      928
   862      882
   862      951
   863      978
   865      943
   865      976
   865      884
   866      939
   866      983
   866      980
   867      994
   868      968
   868      874
   870      973
   870      873
   871      971
   871      947
   871      958
   872      950
   873      878
   874      951
   875      904
   875      978
   876      888
   877      904
   877      949
   877      923
   877      989
   878      920
   879      919
   879      880
   879      950
   883      925
   886      978
   886      918
   889      975
   890      932
   891      952
   891      953
   891      943
   891      990
   893      933
   895      998
   895      918
   895      922
   895      923
   896      958
   897      939
   897      946
   901      970
   902      950
   905      999
   905      994
   905      955
   906      982
   907      912
   907      984
   913      951
   914      936
   914      945
   915      981
   916      933
   917      926
   919      939
   920      956
   922      970
   925      932
   928      994
   929      930
   940      987
   941      956
   943      981
   943      983
   946      982
   948      978
   950      979
   950      957
   951      956
   953      998
   954      990
   957      967
   957      981
   957      959
   958      965
   961      985
   967      994
   968      999
   972      999
   975      979
   976      983
   977      994
   978      986
   979      995
   982      995
   986      999
   989      997
   993      996
   995      996
